U|13
M|0
a|0|0|0.0|1000.0|0|3.0|3|0.0|0|0.0|1.0|0.0|999.0|1|0.0|1.0|0|5|-18|-18|0|-1|0.0|-1|0.0|0|0|0
a|1|0|0.0|1000.0|0|0.0|3|0.0|0|0.0|1.0|0.0|999.0|1|0.0|1.0|0|5|-18|-18|0|-1|0.0|-1|0.0|0|0|0
a|2|0|0.0|1000.0|0|1.0|3|0.0|0|0.0|1.0|0.0|999.0|1|0.0|1.0|0|5|-18|-18|0|-1|0.0|-1|0.0|0|0|0
a|5|1|0.0|611.390714|0|1.0|3|0.0|0|0.0|1.0|0.0|846.362514|2|0.0|1.0|0|5|-18|-18|0|-1|0.0|-1|0.0|0|0|0
a|13|2|0.0|1000.0|0|3.5|3|0.0|0|0.0|1.0|0.0|999.0|3|0.0|1.0|0|5|-18|-18|0|-1|0.0|-1|0.0|0|0|0
a|21|2|0.0|1000.0|0|1.5|3|0.0|0|0.0|1.0|0.0|999.0|3|0.0|1.0|0|5|-18|-18|0|-1|0.0|-1|0.0|0|0|0
a|22|2|0.0|1000.0|0|0.5|3|0.0|0|0.0|1.0|0.0|999.0|3|0.0|1.0|0|5|-18|-18|0|-1|0.0|-1|0.0|0|0|0
a|24|3|0.0|292.896746|0|0.25|3|0.0|0|0.0|1.0|0.0|999.0|4|0.0|1.0|0|5|-18|-18|0|-1|0.0|-1|0.0|0|0|0
a|25|3|0.0|292.896746|0|1.75|3|0.0|0|0.0|1.0|0.0|999.0|5|0.0|1.0|0|5|-18|-18|0|-1|0.0|-1|0.0|0|0|0
a|26|3|0.0|292.896746|0|1.25|3|0.0|0|0.0|1.0|0.0|999.0|4|0.0|1.0|0|5|-18|-18|0|-1|0.0|-1|0.0|0|0|0
a|27|3|0.0|292.896746|0|2.25|3|0.0|0|0.0|1.0|0.0|999.0|4|0.0|1.0|0|5|-18|-18|0|-1|0.0|-1|0.0|0|0|0
a|34|0|0.0|1000.0|0|2.0|3|0.0|0|0.0|1.0|0.0|999.0|1|0.0|1.0|0|5|-18|-18|0|-1|0.0|-1|0.0|0|0|0
a|3|1|0.0|611.390714|0|3.0|3|0.0|0|0.0|1.0|0.0|846.362514|2|0.0|1.0|0|5|-18|-18|0|-1|0.0|-1|0.0|0|0|0
a|35|2|0.0|1000.0|0|2.5|3|0.0|0|0.0|1.0|0.0|999.0|3|0.0|1.0|0|5|-18|-18|0|-1|0.0|-1|0.0|0|0|0
f|1|64|64|64|0|64|64|64|0|64|64|64|0|64|64|64|0|64|64|64|0|64|64|64|0|64|64|64|0|64|64|64|0
f|2|64|64|64|0|64|64|64|0|64|64|64|0|64|64|64|0|64|64|64|0|64|64|64|0|64|64|64|0|64|64|64|0
f|5|64|64|64|0|64|64|64|0|64|64|64|0|64|64|64|0|64|64|64|0|64|64|64|0|64|64|64|0|64|64|64|0
f|13|64|64|64|0|64|64|64|0|64|64|64|0|64|64|64|0|64|64|64|0|64|64|64|0|64|64|64|0|64|64|64|0
f|22|64|64|64|0|64|64|64|0|64|64|64|0|64|64|64|0|64|64|64|0|64|64|64|0|64|64|64|0|64|64|64|0
f|24|64|64|64|0|64|64|64|0|64|64|64|0|64|64|64|0|64|64|64|0|64|64|64|0|64|64|64|0|64|64|64|0
f|25|64|64|64|0|64|64|64|0|64|64|64|0|64|64|64|0|64|64|64|0|64|64|64|0|64|64|64|0|64|64|64|0
f|26|64|64|64|0|64|64|64|0|64|64|64|0|64|64|64|0|64|64|64|0|64|64|64|0|64|64|64|0|64|64|64|0
f|27|64|64|64|0|64|64|64|0|64|64|64|0|64|64|64|0|64|64|64|0|64|64|64|0|64|64|64|0|64|64|64|0
f|34|64|64|64|0|64|64|64|0|64|64|64|0|64|64|64|0|64|64|64|0|64|64|64|0|64|64|64|0|64|64|64|0
f|3|64|64|64|0|64|64|64|0|64|64|64|0|64|64|64|0|64|64|64|0|64|64|64|0|64|64|64|0|64|64|64|0
f|35|64|64|64|0|64|64|64|0|64|64|64|0|64|64|64|0|64|64|64|0|64|64|64|0|64|64|64|0|64|64|64|0
\