U|9
M|0
a|0|0|0.0|1000.0|0|4.0|3|0.0|0|0.0|1.0|0.0|999.0|1|0.0|1.0|0|5|-18|-18|0|-1|0.0|-1|0.0|0|0|0
a|1|0|0.0|1000.0|0|0.0|3|0.0|0|0.0|1.0|0.0|999.0|1|0.0|1.0|0|5|-18|-18|0|-1|0.0|-1|0.0|0|0|0
a|2|0|0.0|1000.0|0|2.0|3|0.0|0|0.0|1.0|0.0|999.0|1|0.0|1.0|0|5|-18|-18|0|-1|0.0|-1|0.0|0|0|0
a|3|0|0.0|1000.0|0|2.5|3|0.0|0|0.0|1.0|0.0|999.0|2|0.0|1.0|0|5|-18|-18|0|-1|0.0|-1|0.0|0|0|0
a|4|1|0.0|611.390714|0|7.0|3|0.0|0|0.0|1.0|0.0|999.0|3|0.0|1.0|0|5|-18|-18|0|-1|0.0|-1|0.0|0|0|0
a|5|1|0.0|1000.0|0|3.0|3|0.0|0|0.0|1.0|0.0|999.0|3|0.0|1.0|0|5|-18|-18|0|-1|0.0|-1|0.0|0|0|0
a|6|2|0.0|1000.0|0|6.75|3|0.0|0|0.0|1.0|0.0|999.0|9|0.0|1.0|0|5|-18|-18|0|-1|0.0|-1|0.0|0|0|0
a|7|2|0.0|1000.0|0|6.625|3|0.0|0|0.0|1.0|0.0|999.0|8|0.0|1.0|0|5|-18|-18|0|-1|0.0|-1|0.0|0|0|0
a|8|2|0.0|1000.0|0|5.625|3|0.0|0|0.0|1.0|0.0|999.0|5|0.0|1.0|0|5|-18|-18|0|-1|0.0|-1|0.0|0|0|0
a|9|2|0.0|1000.0|0|5.5|3|0.0|0|0.0|1.0|0.0|999.0|9|0.0|1.0|0|5|-18|-18|0|-1|0.0|-1|0.0|0|0|0
a|10|2|0.0|1000.0|0|5.375|3|0.0|0|0.0|1.0|0.0|999.0|8|0.0|1.0|0|5|-18|-18|0|-1|0.0|-1|0.0|0|0|0
a|11|2|0.0|1000.0|0|5.25|3|0.0|0|0.0|1.0|0.0|999.0|7|0.0|1.0|0|5|-18|-18|0|-1|0.0|-1|0.0|0|0|0
a|12|2|0.0|1000.0|0|5.125|3|0.0|0|0.0|1.0|0.0|999.0|6|0.0|1.0|0|5|-18|-18|0|-1|0.0|-1|0.0|0|0|0
a|13|2|0.0|1000.0|0|5.0|3|0.0|0|0.0|1.0|0.0|999.0|5|0.0|1.0|0|5|-18|-18|0|-1|0.0|-1|0.0|0|0|0
a|14|2|0.0|1000.0|0|6.25|3|0.0|0|0.0|1.0|0.0|999.0|5|0.0|1.0|0|5|-18|-18|0|-1|0.0|-1|0.0|0|0|0
a|15|2|0.0|1000.0|0|5.75|3|0.0|0|0.0|1.0|0.0|999.0|6|0.0|1.0|0|5|-18|-18|0|-1|0.0|-1|0.0|0|0|0
a|16|2|0.0|1000.0|0|6.125|3|0.0|0|0.0|1.0|0.0|999.0|9|0.0|1.0|0|5|-18|-18|0|-1|0.0|-1|0.0|0|0|0
a|17|2|0.0|1000.0|0|6.0|3|0.0|0|0.0|1.0|0.0|999.0|8|0.0|1.0|0|5|-18|-18|0|-1|0.0|-1|0.0|0|0|0
a|18|2|0.0|1000.0|0|5.875|3|0.0|0|0.0|1.0|0.0|999.0|7|0.0|1.0|0|5|-18|-18|0|-1|0.0|-1|0.0|0|0|0
a|19|2|0.0|1000.0|0|6.5|3|0.0|0|0.0|1.0|0.0|999.0|7|0.0|1.0|0|5|-18|-18|0|-1|0.0|-1|0.0|0|0|0
a|20|2|0.0|1000.0|0|6.375|3|0.0|0|0.0|1.0|0.0|999.0|6|0.0|1.0|0|5|-18|-18|0|-1|0.0|-1|0.0|0|0|0
a|21|2|0.0|1000.0|0|1.5|3|0.0|0|0.0|1.0|0.0|999.0|3|0.0|1.0|0|5|-18|-18|0|-1|0.0|-1|0.0|0|0|0
a|22|2|0.0|1000.0|0|0.5|3|0.0|0|0.0|1.0|0.0|999.0|3|0.0|1.0|0|5|-18|-18|0|-1|0.0|-1|0.0|0|0|0
a|23|3|0.0|97.632249|0|7.75|3|0.0|0|0.0|1.0|0.0|720.351446|4|0.0|1.0|0|5|-18|-18|0|-1|0.0|-1|0.0|0|0|0
a|24|3|0.0|292.896746|0|0.25|3|0.0|0|0.0|1.0|0.0|999.0|4|0.0|1.0|0|5|-18|-18|0|-1|0.0|-1|0.0|0|0|0
a|25|3|0.0|292.896746|0|1.75|3|0.0|0|0.0|1.0|0.0|999.0|5|0.0|1.0|0|5|-18|-18|0|-1|0.0|-1|0.0|0|0|0
a|26|3|0.0|292.896746|0|1.25|3|0.0|0|0.0|1.0|0.0|999.0|4|0.0|1.0|0|5|-18|-18|0|-1|0.0|-1|0.0|0|0|0
a|27|3|0.0|292.896746|0|2.25|3|0.0|0|0.0|1.0|0.0|999.0|4|0.0|1.0|0|5|-18|-18|0|-1|0.0|-1|0.0|0|0|0
a|28|3|0.0|292.896746|0|3.75|3|0.0|0|0.0|1.0|0.0|999.0|4|0.0|1.0|0|5|-18|-18|0|-1|0.0|-1|0.0|0|0|0
a|29|3|0.0|292.896746|0|4.25|3|0.0|0|0.0|1.0|0.0|999.0|3|0.0|1.0|0|5|-18|-18|0|-1|0.0|-1|0.0|0|0|0
a|30|3|0.0|292.896746|0|6.0|3|0.0|0|0.0|1.0|0.0|999.0|3|0.0|1.0|0|5|-18|-18|0|-1|0.0|-1|0.0|0|0|0
a|31|3|0.0|97.632249|0|7.5|3|0.0|0|0.0|1.0|0.0|720.351446|4|0.0|1.0|0|5|-18|-18|0|-1|0.0|-1|0.0|0|0|0
a|32|3|0.0|292.896746|0|4.75|3|0.0|0|0.0|1.0|0.0|999.0|4|0.0|1.0|0|5|-18|-18|0|-1|0.0|-1|0.0|0|0|0
a|33|3|0.0|292.896746|0|5.0|3|0.0|0|0.0|1.0|0.0|999.0|3|0.0|1.0|0|5|-18|-18|0|-1|0.0|-1|0.0|0|0|0
f|1|64|64|64|0|64|64|64|0|64|64|64|0|64|64|64|0|64|64|64|0|64|64|64|0|64|64|64|0|64|64|64|0
f|2|64|64|64|0|64|64|64|0|64|64|64|0|64|64|64|0|64|64|64|0|64|64|64|0|64|64|64|0|64|64|64|0
f|3|64|64|64|0|64|64|64|0|64|64|64|0|64|64|64|0|64|64|64|0|64|64|64|0|64|64|64|0|64|64|64|0
f|5|64|64|64|0|64|64|64|0|64|64|64|0|64|64|64|0|64|64|64|0|64|64|64|0|64|64|64|0|64|64|64|0
f|7|64|64|64|0|64|64|64|0|64|64|64|0|64|64|64|0|64|64|64|0|64|64|64|0|64|64|64|0|64|64|64|0
f|8|64|64|64|0|64|64|64|0|64|64|64|0|64|64|64|0|64|64|64|0|64|64|64|0|64|64|64|0|64|64|64|0
f|9|64|64|64|0|64|64|64|0|64|64|64|0|64|64|64|0|64|64|64|0|64|64|64|0|64|64|64|0|64|64|64|0
f|10|64|64|64|0|64|64|64|0|64|64|64|0|64|64|64|0|64|64|64|0|64|64|64|0|64|64|64|0|64|64|64|0
f|11|64|64|64|0|64|64|64|0|64|64|64|0|64|64|64|0|64|64|64|0|64|64|64|0|64|64|64|0|64|64|64|0
f|12|64|64|64|0|64|64|64|0|64|64|64|0|64|64|64|0|64|64|64|0|64|64|64|0|64|64|64|0|64|64|64|0
f|13|64|64|64|0|64|64|64|0|64|64|64|0|64|64|64|0|64|64|64|0|64|64|64|0|64|64|64|0|64|64|64|0
f|14|64|64|64|0|64|64|64|0|64|64|64|0|64|64|64|0|64|64|64|0|64|64|64|0|64|64|64|0|64|64|64|0
f|15|64|64|64|0|64|64|64|0|64|64|64|0|64|64|64|0|64|64|64|0|64|64|64|0|64|64|64|0|64|64|64|0
f|16|64|64|64|0|64|64|64|0|64|64|64|0|64|64|64|0|64|64|64|0|64|64|64|0|64|64|64|0|64|64|64|0
f|17|64|64|64|0|64|64|64|0|64|64|64|0|64|64|64|0|64|64|64|0|64|64|64|0|64|64|64|0|64|64|64|0
f|18|64|64|64|0|64|64|64|0|64|64|64|0|64|64|64|0|64|64|64|0|64|64|64|0|64|64|64|0|64|64|64|0
f|19|64|64|64|0|64|64|64|0|64|64|64|0|64|64|64|0|64|64|64|0|64|64|64|0|64|64|64|0|64|64|64|0
f|20|64|64|64|0|64|64|64|0|64|64|64|0|64|64|64|0|64|64|64|0|64|64|64|0|64|64|64|0|64|64|64|0
f|22|64|64|64|0|64|64|64|0|64|64|64|0|64|64|64|0|64|64|64|0|64|64|64|0|64|64|64|0|64|64|64|0
f|24|97|78|64|12|64|64|64|0|64|64|64|0|64|64|64|0|64|64|64|0|64|64|64|0|64|64|64|0|64|64|64|0
f|25|64|64|64|0|64|64|64|0|64|64|64|0|64|64|64|0|64|64|64|0|64|64|64|0|64|64|64|0|64|64|64|0
f|26|36|78|64|12|64|64|64|0|64|64|64|0|64|64|64|0|64|64|64|0|64|64|64|0|64|64|64|0|64|64|64|0
f|27|97|78|64|12|64|64|64|0|64|64|64|0|64|64|64|0|64|64|64|0|64|64|64|0|64|64|64|0|64|64|64|0
f|28|97|78|64|12|64|64|64|0|64|64|64|0|64|64|64|0|64|64|64|0|64|64|64|0|64|64|64|0|64|64|64|0
f|29|64|64|64|0|64|64|64|0|64|64|64|0|64|64|64|0|64|64|64|0|64|64|64|0|64|64|64|0|64|64|64|0
f|30|64|64|64|0|64|64|64|0|64|64|64|0|64|64|64|0|64|64|64|0|64|64|64|0|64|64|64|0|64|64|64|0
f|31|97|78|64|12|64|64|64|0|64|64|64|0|64|64|64|0|64|64|64|0|64|64|64|0|64|64|64|0|64|64|64|0
f|32|33|78|64|12|64|64|64|0|64|64|64|0|64|64|64|0|64|64|64|0|64|64|64|0|64|64|64|0|64|64|64|0
f|33|64|64|64|0|64|64|64|0|64|64|64|0|64|64|64|0|64|64|64|0|64|64|64|0|64|64|64|0|64|64|64|0
f|23|34|78|64|12|64|64|64|0|64|64|64|0|64|64|64|0|64|64|64|0|64|64|64|0|64|64|64|0|64|64|64|0
\