U|23
M|48
n|0.0|2.0|56|100
n|0.0|2.0|59|100
n|0.0|2.0|51|100
n|0.0|2.0|39|100
n|2.0|4.0|51|100
n|2.0|4.0|54|100
n|2.0|4.0|35|100
n|2.0|4.0|47|100
n|6.0|2.0|49|100
n|6.0|2.0|56|100
n|6.0|2.0|52|100
n|6.0|2.0|37|100
n|8.0|2.0|49|100
n|8.0|2.0|45|100
n|8.0|2.0|54|100
n|8.0|2.0|33|100
n|10.0|4.0|49|100
n|10.0|4.0|56|100
n|10.0|4.0|52|100
n|10.0|4.0|37|100
n|14.0|2.0|52|100
n|14.0|2.0|35|100
n|14.0|2.0|56|100
n|14.0|2.0|47|100
n|16.0|2.0|56|100
n|16.0|2.0|51|100
n|16.0|2.0|47|100
n|16.0|2.0|35|100
n|18.0|4.0|51|100
n|18.0|4.0|54|100
n|18.0|4.0|35|100
n|18.0|4.0|47|100
n|22.0|2.0|49|100
n|22.0|2.0|56|100
n|22.0|2.0|52|100
n|22.0|2.0|37|100
n|24.0|2.0|33|100
n|24.0|2.0|45|100
n|24.0|2.0|49|100
n|24.0|2.0|54|100
n|26.0|2.0|49|100
n|26.0|2.0|45|100
n|26.0|2.0|54|100
n|26.0|2.0|33|100
n|28.0|4.0|44|100
n|28.0|4.0|52|100
n|28.0|4.0|32|100
n|28.0|4.0|47|100
\