U|25
M|128
n|0.0|0.25|39|100
n|0.25|0.25|39|100
n|0.5|0.25|39|100
n|0.75|0.25|39|100
n|1.0|0.25|39|100
n|1.25|0.25|39|100
n|1.5|0.25|39|100
n|1.75|0.25|39|100
n|2.0|0.25|35|100
n|2.25|0.25|35|100
n|2.5|0.25|35|100
n|2.75|0.25|35|100
n|3.0|0.25|35|100
n|3.25|0.25|35|100
n|3.5|0.25|35|100
n|3.75|0.25|35|100
n|4.0|0.25|35|100
n|4.25|0.25|35|100
n|4.5|0.25|35|100
n|4.75|0.25|35|100
n|5.0|0.25|35|100
n|5.25|0.25|35|100
n|5.5|0.25|35|100
n|5.75|0.25|35|100
n|6.0|0.25|37|100
n|6.25|0.25|37|100
n|6.5|0.25|37|100
n|6.75|0.25|37|100
n|7.0|0.25|37|100
n|7.25|0.25|37|100
n|7.5|0.25|37|100
n|7.75|0.25|37|100
n|8.0|0.25|33|100
n|8.25|0.25|33|100
n|8.5|0.25|33|100
n|8.75|0.25|33|100
n|9.0|0.25|33|100
n|9.25|0.25|33|100
n|9.5|0.25|33|100
n|9.75|0.25|33|100
n|10.0|0.25|37|100
n|10.25|0.25|37|100
n|10.5|0.25|37|100
n|10.75|0.25|37|100
n|11.0|0.25|37|100
n|11.25|0.25|37|100
n|11.5|0.25|37|100
n|11.75|0.25|37|100
n|12.0|0.25|37|100
n|12.25|0.25|37|100
n|12.5|0.25|37|100
n|12.75|0.25|37|100
n|13.0|0.25|37|100
n|13.25|0.25|37|100
n|13.5|0.25|37|100
n|13.75|0.25|37|100
n|14.0|0.25|35|100
n|14.25|0.25|35|100
n|14.5|0.25|35|100
n|14.75|0.25|35|100
n|15.0|0.25|35|100
n|15.25|0.25|35|100
n|15.5|0.25|35|100
n|15.75|0.25|35|100
n|16.0|0.25|35|100
n|16.25|0.25|35|100
n|16.5|0.25|35|100
n|16.75|0.25|35|100
n|17.0|0.25|35|100
n|17.25|0.25|35|100
n|17.5|0.25|35|100
n|17.75|0.25|35|100
n|18.0|0.25|35|100
n|18.25|0.25|35|100
n|18.5|0.25|35|100
n|18.75|0.25|35|100
n|19.0|0.25|35|100
n|19.25|0.25|35|100
n|19.5|0.25|35|100
n|19.75|0.25|35|100
n|20.0|0.25|35|100
n|20.25|0.25|35|100
n|20.5|0.25|35|100
n|20.75|0.25|35|100
n|21.0|0.25|35|100
n|21.25|0.25|35|100
n|21.5|0.25|35|100
n|21.75|0.25|35|100
n|22.0|0.25|37|100
n|22.25|0.25|37|100
n|22.5|0.25|37|100
n|22.75|0.25|37|100
n|23.0|0.25|37|100
n|23.25|0.25|37|100
n|23.5|0.25|37|100
n|23.75|0.25|37|100
n|24.0|0.25|33|100
n|24.25|0.25|33|100
n|24.5|0.25|33|100
n|24.75|0.25|33|100
n|25.0|0.25|33|100
n|25.25|0.25|33|100
n|25.5|0.25|33|100
n|25.75|0.25|33|100
n|26.0|0.25|33|100
n|26.25|0.25|33|100
n|26.5|0.25|33|100
n|26.75|0.25|33|100
n|27.0|0.25|33|100
n|27.25|0.25|33|100
n|27.5|0.25|33|100
n|27.75|0.25|33|100
n|28.0|0.25|32|100
n|28.25|0.25|32|100
n|28.5|0.25|32|100
n|28.75|0.25|32|100
n|29.0|0.25|32|100
n|29.25|0.25|32|100
n|29.5|0.25|32|100
n|29.75|0.25|32|100
n|30.0|0.25|32|100
n|30.25|0.25|32|100
n|30.5|0.25|32|100
n|30.75|0.25|32|100
n|31.0|0.25|32|100
n|31.25|0.25|32|100
n|31.5|0.25|32|100
n|31.75|0.25|32|100
\