U|26
M|64
n|0.0|0.5|39|100
n|0.5|0.5|39|100
n|1.0|0.5|39|100
n|1.5|0.5|39|100
n|2.0|0.5|35|100
n|2.5|0.5|35|100
n|3.0|0.5|35|100
n|3.5|0.5|35|100
n|4.0|0.5|35|100
n|4.5|0.5|35|100
n|5.0|0.5|35|100
n|5.5|0.5|35|100
n|6.0|0.5|37|100
n|6.5|0.5|37|100
n|7.0|0.5|37|100
n|7.5|0.5|37|100
n|8.0|0.5|33|100
n|8.5|0.5|33|100
n|9.0|0.5|33|100
n|9.5|0.5|33|100
n|10.0|0.5|37|100
n|10.5|0.5|37|100
n|11.0|0.5|37|100
n|11.5|0.5|37|100
n|12.0|0.5|37|100
n|12.5|0.5|37|100
n|13.0|0.5|37|100
n|13.5|0.5|37|100
n|14.0|0.5|35|100
n|14.5|0.5|35|100
n|15.0|0.5|35|100
n|15.5|0.5|35|100
n|16.0|0.5|35|100
n|16.5|0.5|35|100
n|17.0|0.5|35|100
n|17.5|0.5|35|100
n|18.0|0.5|35|100
n|18.5|0.5|35|100
n|19.0|0.5|35|100
n|19.5|0.5|35|100
n|20.0|0.5|35|100
n|20.5|0.5|35|100
n|21.0|0.5|35|100
n|21.5|0.5|35|100
n|22.0|0.5|37|100
n|22.5|0.5|37|100
n|23.0|0.5|37|100
n|23.5|0.5|37|100
n|24.0|0.5|33|100
n|24.5|0.5|33|100
n|25.0|0.5|33|100
n|25.5|0.5|33|100
n|26.0|0.5|33|100
n|26.5|0.5|33|100
n|27.0|0.5|33|100
n|27.5|0.5|33|100
n|28.0|0.5|32|100
n|28.5|0.5|32|100
n|29.0|0.5|32|100
n|29.5|0.5|32|100
n|30.0|0.5|32|100
n|30.5|0.5|32|100
n|31.0|0.5|32|100
n|31.5|0.5|32|100
\