U|30
M|29
n|0.0|1.5|68|100
c|0.0|1|127.0
c|0.0|2|0.0
n|1.5|0.5|66|100
n|2.0|1.5|63|100
n|3.5|1.5|63|100
n|5.0|0.5|66|100
n|5.5|0.5|63|100
n|6.0|2.0|64|100
n|8.0|2.0|61|100
n|10.0|1.5|64|100
n|11.5|1.0|64|100
n|12.5|1.0|64|100
n|13.5|0.5|61|100
n|14.0|2.0|63|100
n|16.0|2.0|61|100
n|18.0|1.5|63|100
n|19.5|1.0|64|100
n|20.5|1.5|66|100
n|22.0|1.5|64|100
n|23.5|0.5|63|100
n|24.0|2.0|61|100
n|26.0|2.0|61|100
n|28.0|1.0|61|100
n|29.0|1.0|63|100
n|30.0|1.0|61|100
n|31.0|1.0|59|100
c|31.866221|1|127.0
c|31.866221|2|0.0
\