U|32
M|998
n|0.0|1.75|44|100
n|0.0|1.75|47|100
n|0.0|1.75|39|100
c|0.0|2|127.0
c|0.0|1|0.0
c|0.0625|2|126.997768
c|0.0625|1|0.281721
c|0.125|2|126.995536
c|0.125|1|0.563442
c|0.1875|2|126.993305
c|0.1875|1|0.845163
c|0.25|2|126.991073
c|0.25|1|1.126884
c|0.3125|2|126.988841
c|0.3125|1|1.408605
c|0.375|2|126.986609
c|0.375|1|1.690327
c|0.4375|2|126.984377
c|0.4375|1|1.972048
c|0.5|2|126.982146
c|0.5|1|2.253769
c|0.5625|2|126.979914
c|0.5625|1|2.53549
c|0.625|2|126.977682
c|0.625|1|2.817211
c|0.6875|2|126.97545
c|0.6875|1|3.098932
c|0.75|2|126.973219
c|0.75|1|3.380653
c|0.8125|2|126.970987
c|0.8125|1|3.662374
c|0.875|2|126.968755
c|0.875|1|3.944095
c|0.9375|2|126.966523
c|0.9375|1|4.225816
c|1.0|2|126.964291
c|1.0|1|4.507537
c|1.0625|2|126.96206
c|1.0625|1|4.789259
c|1.125|2|126.959828
c|1.125|1|5.07098
c|1.1875|2|126.957596
c|1.1875|1|5.352701
c|1.25|2|126.955364
c|1.25|1|5.634422
c|1.3125|2|126.953132
c|1.3125|1|5.916143
c|1.375|2|126.950901
c|1.375|1|6.197864
c|1.4375|2|126.948669
c|1.4375|1|6.479585
c|1.5|2|126.946437
c|1.5|1|6.761306
c|1.5625|2|126.944205
c|1.5625|1|7.043027
c|1.625|2|126.941974
c|1.625|1|7.324748
c|1.6875|2|126.939742
c|1.6875|1|7.606469
c|1.75|2|126.93751
c|1.75|1|7.888191
c|1.8125|2|126.935278
c|1.8125|1|8.169912
c|1.875|2|126.933046
c|1.875|1|8.451633
c|1.9375|2|126.930815
c|1.9375|1|8.733354
n|2.0|3.75|35|100
n|2.0|3.75|39|100
n|2.0|3.75|42|100
c|2.0|2|126.928583
c|2.0|1|9.015075
c|2.0625|2|126.926351
c|2.0625|1|9.296796
c|2.125|2|126.924119
c|2.125|1|9.578517
c|2.1875|2|126.921887
c|2.1875|1|9.860238
c|2.25|2|126.919656
c|2.25|1|10.141959
c|2.3125|2|126.917424
c|2.3125|1|10.42368
c|2.375|2|126.915192
c|2.375|1|10.705401
c|2.4375|2|126.91296
c|2.4375|1|10.987123
c|2.5|2|126.910729
c|2.5|1|11.268844
c|2.5625|2|126.908497
c|2.5625|1|11.550565
c|2.625|2|126.906265
c|2.625|1|11.832286
c|2.6875|2|126.904033
c|2.6875|1|12.114007
c|2.75|2|126.901801
c|2.75|1|12.395728
c|2.8125|2|126.89957
c|2.8125|1|12.677449
c|2.875|2|126.897338
c|2.875|1|12.95917
c|2.9375|2|126.895106
c|2.9375|1|13.240891
c|3.0|2|126.892874
c|3.0|1|13.522612
c|3.0625|2|126.890642
c|3.0625|1|13.804333
c|3.125|2|126.888411
c|3.125|1|14.086055
c|3.1875|2|126.886179
c|3.1875|1|14.367776
c|3.25|2|126.883947
c|3.25|1|14.649497
c|3.3125|2|126.881715
c|3.3125|1|14.931218
c|3.375|2|126.879483
c|3.375|1|15.212939
c|3.4375|2|126.877252
c|3.4375|1|15.49466
c|3.5|2|126.87502
c|3.54961|1|16.0
c|3.5625|2|126.872788
c|3.61211|1|16.184659
c|3.625|2|126.870556
c|3.67461|1|16.369318
c|3.6875|2|126.868325
c|3.73711|1|16.553977
c|3.75|2|126.866093
c|3.79961|1|16.738636
c|3.8125|2|126.863861
c|3.86211|1|16.923295
c|3.875|2|126.861629
c|3.92461|1|17.107955
c|3.9375|2|126.859397
c|3.98711|1|17.292614
c|4.0|2|126.857166
c|4.04961|1|17.477273
c|4.0625|2|126.854934
c|4.11211|1|17.661932
c|4.125|2|126.852702
c|4.17461|1|17.846591
c|4.1875|2|126.85047
c|4.23711|1|18.03125
c|4.25|2|126.848238
c|4.29961|1|18.215909
c|4.3125|2|126.846007
c|4.36211|1|18.400568
c|4.375|2|126.843775
c|4.42461|1|18.585227
c|4.4375|2|126.841543
c|4.48711|1|18.769886
c|4.5|2|126.839311
c|4.54961|1|18.954546
c|4.5625|2|126.83708
c|4.61211|1|19.139205
c|4.625|2|126.834848
c|4.67461|1|19.323864
c|4.6875|2|126.832616
c|4.73711|1|19.508523
c|4.75|2|126.830384
c|4.79961|1|19.693182
c|4.8125|2|126.828152
c|4.86211|1|19.877841
c|4.875|2|126.825921
c|4.92461|1|20.0625
c|4.9375|2|126.823689
c|4.98711|1|20.247159
c|5.0|2|126.821457
c|5.04961|1|20.431818
c|5.0625|2|126.819225
c|5.11211|1|20.616477
c|5.125|2|126.816993
c|5.17461|1|20.801137
c|5.1875|2|126.814762
c|5.23711|1|20.985796
c|5.25|2|126.81253
c|5.29961|1|21.170455
c|5.3125|2|126.810298
c|5.36211|1|21.355114
c|5.375|2|126.808066
c|5.42461|1|21.539773
c|5.4375|2|126.805834
c|5.48711|1|21.724432
c|5.5|2|126.803603
c|5.54961|1|21.909091
c|5.5625|2|126.801371
c|5.61211|1|22.09375
c|5.625|2|126.799139
c|5.67461|1|22.278409
c|5.6875|2|126.796907
c|5.73711|1|22.463068
c|5.75|2|126.794676
c|5.79961|1|22.647728
c|5.8125|2|126.792444
c|5.86211|1|22.832387
c|5.875|2|126.790212
c|5.92461|1|23.017046
c|5.9375|2|126.78798
c|5.98711|1|23.201705
n|6.0|1.75|37|100
n|6.0|1.75|44|100
n|6.0|1.75|40|100
c|6.0|2|126.785748
c|6.04961|1|23.386364
c|6.0625|2|126.783517
c|6.11211|1|23.571023
c|6.125|2|126.781285
c|6.17461|1|23.755682
c|6.1875|2|126.779053
c|6.23711|1|23.940341
c|6.25|2|126.776821
c|6.29961|1|24.125
c|6.3125|2|126.774589
c|6.36211|1|24.309659
c|6.375|2|126.772358
c|6.42461|1|24.494319
c|6.4375|2|126.770126
c|6.48711|1|24.678978
c|6.5|2|126.767894
c|6.54961|1|24.863637
c|6.5625|2|126.765662
c|6.61211|1|25.048296
c|6.625|2|126.763431
c|6.67461|1|25.232955
c|6.6875|2|126.761199
c|6.73711|1|25.417614
c|6.75|2|126.758967
c|6.79961|1|25.602273
c|6.8125|2|126.756735
c|6.86211|1|25.786932
c|6.875|2|126.754503
c|6.92461|1|25.971591
c|6.9375|2|126.752272
c|6.98711|1|26.15625
c|7.0|2|126.75004
c|7.04961|1|26.34091
c|7.0625|2|126.747808
c|7.11211|1|26.525569
c|7.125|2|126.745576
c|7.17461|1|26.710228
c|7.1875|2|126.743344
c|7.23711|1|26.894887
c|7.25|2|126.741113
c|7.29961|1|27.079546
c|7.3125|2|126.738881
c|7.36211|1|27.264205
c|7.375|2|126.736649
c|7.42461|1|27.448864
c|7.4375|2|126.734417
c|7.48711|1|27.633523
c|7.5|2|126.732186
c|7.54961|1|27.818182
c|7.5625|2|126.729954
c|7.61211|1|28.002841
c|7.625|2|126.727722
c|7.67461|1|28.1875
c|7.6875|2|126.72549
c|7.73711|1|28.37216
c|7.75|2|126.723258
c|7.79961|1|28.556819
c|7.8125|2|126.721027
c|7.86211|1|28.741478
c|7.875|2|126.718795
c|7.92461|1|28.926137
c|7.9375|2|126.716563
c|7.98711|1|29.110796
n|8.0|1.75|37|100
n|8.0|1.75|42|100
n|8.0|1.75|33|100
c|8.0|2|126.714331
c|8.04961|1|29.295455
c|8.0625|2|126.712099
c|8.11211|1|29.480114
c|8.125|2|126.709868
c|8.17461|1|29.664773
c|8.1875|2|126.707636
c|8.23711|1|29.849432
c|8.25|2|126.705404
c|8.29961|1|30.034091
c|8.3125|2|126.703172
c|8.36211|1|30.218751
c|8.375|2|126.70094
c|8.42461|1|30.40341
c|8.4375|2|126.698709
c|8.48711|1|30.588069
c|8.5|2|126.696477
c|8.54961|1|30.772728
c|8.5625|2|126.694245
c|8.61211|1|30.957387
c|8.625|2|126.692013
c|8.67461|1|31.142046
c|8.6875|2|126.689782
c|8.73711|1|31.326705
c|8.75|2|126.68755
c|8.79961|1|31.511364
c|8.8125|2|126.685318
c|8.86211|1|31.696023
c|8.875|2|126.683086
c|8.92461|1|31.880682
c|8.9375|2|126.680854
c|8.98711|1|32.065342
c|9.0|2|126.678623
c|9.04961|1|32.250001
c|9.0625|2|126.676391
c|9.11211|1|32.43466
c|9.125|2|126.674159
c|9.17461|1|32.619319
c|9.1875|2|126.671927
c|9.23711|1|32.803978
c|9.25|2|126.669695
c|9.29961|1|32.988637
c|9.3125|2|126.667464
c|9.36211|1|33.173296
c|9.375|2|126.665232
c|9.42461|1|33.357955
c|9.4375|2|126.663
c|9.48711|1|33.542614
c|9.5|2|126.660768
c|9.54961|1|33.727273
c|9.5625|2|126.658537
c|9.61211|1|33.911933
c|9.625|2|126.656305
c|9.67461|1|34.096592
c|9.6875|2|126.654073
c|9.73711|1|34.281251
c|9.75|2|126.651841
c|9.79961|1|34.46591
c|9.8125|2|126.649609
c|9.86211|1|34.650569
c|9.875|2|126.647378
c|9.92461|1|34.835228
c|9.9375|2|126.645146
c|9.98711|1|35.019887
n|10.0|3.75|37|100
n|10.0|3.75|44|100
n|10.0|3.75|40|100
c|10.0|2|126.642914
c|10.04961|1|35.204546
c|10.0625|2|126.640682
c|10.11211|1|35.389205
c|10.125|2|126.63845
c|10.17461|1|35.573864
c|10.1875|2|126.636219
c|10.23711|1|35.758524
c|10.25|2|126.633987
c|10.29961|1|35.943183
c|10.3125|2|126.631755
c|10.36211|1|36.127842
c|10.375|2|126.629523
c|10.42461|1|36.312501
c|10.4375|2|126.627291
c|10.48711|1|36.49716
c|10.5|2|126.62506
c|10.54961|1|36.681819
c|10.5625|2|126.622828
c|10.61211|1|36.866478
c|10.625|2|126.620596
c|10.67461|1|37.051137
c|10.6875|2|126.618364
c|10.73711|1|37.235796
c|10.75|2|126.616133
c|10.79961|1|37.420455
c|10.8125|2|126.613901
c|10.86211|1|37.605114
c|10.875|2|126.611669
c|10.92461|1|37.789774
c|10.9375|2|126.609437
c|10.98711|1|37.974433
c|11.0|2|126.607205
c|11.04961|1|38.159092
c|11.0625|2|126.604974
c|11.11211|1|38.343751
c|11.125|2|126.602742
c|11.17461|1|38.52841
c|11.1875|2|126.60051
c|11.23711|1|38.713069
c|11.25|2|126.598278
c|11.29961|1|38.897728
c|11.3125|2|126.596046
c|11.36211|1|39.082387
c|11.375|2|126.593815
c|11.42461|1|39.267046
c|11.4375|2|126.591583
c|11.48711|1|39.451705
c|11.5|2|126.589351
c|11.54961|1|39.636365
c|11.5625|2|126.587119
c|11.61211|1|39.821024
c|11.625|2|126.584888
c|11.67461|1|40.005683
c|11.6875|2|126.582656
c|11.73711|1|40.190342
c|11.75|2|126.580424
c|11.79961|1|40.375001
c|11.8125|2|126.578192
c|11.86211|1|40.55966
c|11.875|2|126.57596
c|11.92461|1|40.744319
c|11.9375|2|126.573729
c|11.98711|1|40.928978
c|12.0|2|126.571497
c|12.04961|1|41.113637
c|12.0625|2|126.569265
c|12.11211|1|41.298296
c|12.125|2|126.567033
c|12.17461|1|41.482956
c|12.1875|2|126.564801
c|12.23711|1|41.667615
c|12.25|2|126.56257
c|12.29961|1|41.852274
c|12.3125|2|126.560338
c|12.36211|1|42.036933
c|12.375|2|126.558106
c|12.42461|1|42.221592
c|12.4375|2|126.555874
c|12.48711|1|42.406251
c|12.5|2|126.553643
c|12.54961|1|42.59091
c|12.5625|2|126.551411
c|12.61211|1|42.775569
c|12.625|2|126.549179
c|12.67461|1|42.960228
c|12.6875|2|126.546947
c|12.73711|1|43.144887
c|12.75|2|126.544715
c|12.79961|1|43.329547
c|12.8125|2|126.542484
c|12.86211|1|43.514206
c|12.875|2|126.540252
c|12.92461|1|43.698865
c|12.9375|2|126.53802
c|12.98711|1|43.883524
c|13.0|2|126.535788
c|13.04961|1|44.068183
c|13.0625|2|126.533556
c|13.11211|1|44.252842
c|13.125|2|126.531325
c|13.17461|1|44.437501
c|13.1875|2|126.529093
c|13.23711|1|44.62216
c|13.25|2|126.526861
c|13.29961|1|44.806819
c|13.3125|2|126.524629
c|13.36211|1|44.991478
c|13.375|2|126.522397
c|13.42461|1|45.176138
c|13.4375|2|126.520166
c|13.48711|1|45.360797
c|13.5|2|126.517934
c|13.54961|1|45.545456
c|13.5625|2|126.515702
c|13.61211|1|45.730115
c|13.625|2|126.51347
c|13.67461|1|45.914774
c|13.6875|2|126.511239
c|13.73711|1|46.099433
c|13.75|2|126.509007
c|13.79961|1|46.284092
c|13.8125|2|126.506775
c|13.86211|1|46.468751
c|13.875|2|126.504543
c|13.92461|1|46.65341
c|13.9375|2|126.502311
c|13.98711|1|46.838069
n|14.0|1.75|40|100
n|14.0|1.75|44|100
n|14.0|1.75|35|100
c|14.0|2|126.50008
c|14.04961|1|47.022729
c|14.0625|2|126.497848
c|14.11211|1|47.207388
c|14.125|2|126.495616
c|14.17461|1|47.392047
c|14.1875|2|126.493384
c|14.23711|1|47.576706
c|14.25|2|126.491152
c|14.29961|1|47.761365
c|14.3125|2|126.488921
c|14.36211|1|47.946024
c|14.375|2|126.486689
c|14.42461|1|48.130683
c|14.4375|2|126.484457
c|14.48711|1|48.315342
c|14.5|2|126.482225
c|14.54961|1|48.500001
c|14.5625|2|126.479994
c|14.61211|1|48.68466
c|14.625|2|126.477762
c|14.67461|1|48.869319
c|14.6875|2|126.47553
c|14.73711|1|49.053979
c|14.75|2|126.473298
c|14.79961|1|49.238638
c|14.8125|2|126.471066
c|14.86211|1|49.423297
c|14.875|2|126.468835
c|14.92461|1|49.607956
c|14.9375|2|126.466603
c|14.98711|1|49.792615
c|15.0|2|126.464371
c|15.04961|1|49.977274
c|15.0625|2|126.462139
c|15.11211|1|50.161933
c|15.125|2|126.459907
c|15.17461|1|50.346592
c|15.1875|2|126.457676
c|15.23711|1|50.531251
c|15.25|2|126.455444
c|15.29961|1|50.71591
c|15.3125|2|126.453212
c|15.36211|1|50.90057
c|15.375|2|126.45098
c|15.42461|1|51.085229
c|15.4375|2|126.448749
c|15.48711|1|51.269888
c|15.5|2|126.446517
c|15.54961|1|51.454547
c|15.5625|2|126.444285
c|15.61211|1|51.639206
c|15.625|2|126.442053
c|15.67461|1|51.823865
c|15.6875|2|126.439821
c|15.73711|1|52.008524
c|15.75|2|126.43759
c|15.79961|1|52.193183
c|15.8125|2|126.435358
c|15.86211|1|52.377842
c|15.875|2|126.433126
c|15.92461|1|52.562501
c|15.9375|2|126.430894
c|15.98711|1|52.747161
n|16.0|1.75|44|100
n|16.0|1.75|39|100
n|16.0|1.75|35|100
c|16.0|2|126.428662
c|16.04961|1|52.93182
c|16.0625|2|126.426431
c|16.11211|1|53.116479
c|16.125|2|126.424199
c|16.17461|1|53.301138
c|16.1875|2|126.421967
c|16.23711|1|53.485797
c|16.25|2|126.419735
c|16.29961|1|53.670456
c|16.3125|2|126.417503
c|16.36211|1|53.855115
c|16.375|2|126.415272
c|16.42461|1|54.039774
c|16.4375|2|126.41304
c|16.48711|1|54.224433
c|16.5|2|126.410808
c|16.54961|1|54.409092
c|16.5625|2|126.408576
c|16.61211|1|54.593752
c|16.625|2|126.406345
c|16.67461|1|54.778411
c|16.6875|2|126.404113
c|16.73711|1|54.96307
c|16.75|2|126.401881
c|16.79961|1|55.147729
c|16.8125|2|126.399649
c|16.86211|1|55.332388
c|16.875|2|126.397417
c|16.92461|1|55.517047
c|16.9375|2|126.395186
c|16.98711|1|55.701706
c|17.0|2|126.392954
c|17.0625|2|126.390722
c|17.088071|1|56.0
c|17.125|2|126.38849
c|17.150571|1|56.39442
c|17.1875|2|126.386258
c|17.213071|1|56.788841
c|17.25|2|126.384027
c|17.275571|1|57.183261
c|17.3125|2|126.381795
c|17.338071|1|57.577682
c|17.375|2|126.379563
c|17.400571|1|57.972102
c|17.4375|2|126.377331
c|17.463071|1|58.366523
c|17.5|2|126.3751
c|17.525571|1|58.760943
c|17.5625|2|126.372868
c|17.588071|1|59.155364
c|17.625|2|126.370636
c|17.650571|1|59.549784
c|17.6875|2|126.368404
c|17.713071|1|59.944205
c|17.75|2|126.366172
c|17.775571|1|60.338625
c|17.8125|2|126.363941
c|17.838071|1|60.733046
c|17.875|2|126.361709
c|17.900571|1|61.127466
c|17.9375|2|126.359477
c|17.963071|1|61.521887
n|18.0|3.75|35|100
n|18.0|3.75|39|100
n|18.0|3.75|42|100
c|18.0|2|126.357245
c|18.025571|1|61.916307
c|18.0625|2|126.355013
c|18.088071|1|62.310727
c|18.125|2|126.352782
c|18.150571|1|62.705148
c|18.1875|2|126.35055
c|18.213071|1|63.099568
c|18.25|2|126.348318
c|18.275571|1|63.493989
c|18.3125|2|126.346086
c|18.338071|1|63.888409
c|18.375|2|126.343854
c|18.400571|1|64.28283
c|18.4375|2|126.341623
c|18.463071|1|64.67725
c|18.5|2|126.339391
c|18.525571|1|65.071671
c|18.5625|2|126.337159
c|18.588071|1|65.466091
c|18.625|2|126.334927
c|18.650571|1|65.860512
c|18.6875|2|126.332696
c|18.713071|1|66.254932
c|18.75|2|126.330464
c|18.775571|1|66.649353
c|18.8125|2|126.328232
c|18.838071|1|67.043773
c|18.875|2|126.326
c|18.900571|1|67.438194
c|18.9375|2|126.323768
c|18.963071|1|67.832614
c|19.0|2|126.321537
c|19.025571|1|68.227035
c|19.0625|2|126.319305
c|19.088071|1|68.621455
c|19.125|2|126.317073
c|19.150571|1|69.015875
c|19.1875|2|126.314841
c|19.213071|1|69.410296
c|19.25|2|126.312609
c|19.275571|1|69.804716
c|19.3125|2|126.310378
c|19.338071|1|70.199137
c|19.375|2|126.308146
c|19.400571|1|70.593557
c|19.4375|2|126.305914
c|19.463071|1|70.987978
c|19.5|2|126.303682
c|19.525571|1|71.382398
c|19.5625|2|126.301451
c|19.588071|1|71.776819
c|19.625|2|126.299219
c|19.650571|1|72.171239
c|19.6875|2|126.296987
c|19.713071|1|72.56566
c|19.75|2|126.294755
c|19.775571|1|72.96008
c|19.8125|2|126.292523
c|19.838071|1|73.354501
c|19.875|2|126.290292
c|19.900571|1|73.748921
c|19.9375|2|126.28806
c|19.963071|1|74.143342
c|20.0|2|126.285828
c|20.025571|1|74.537762
c|20.0625|2|126.283596
c|20.088071|1|74.932182
c|20.125|2|126.281364
c|20.150571|1|75.326603
c|20.1875|2|126.279133
c|20.213071|1|75.721023
c|20.25|2|126.276901
c|20.275571|1|76.115444
c|20.3125|2|126.274669
c|20.338071|1|76.509864
c|20.375|2|126.272437
c|20.400571|1|76.904285
c|20.4375|2|126.270206
c|20.463071|1|77.298705
c|20.5|2|126.267974
c|20.525571|1|77.693126
c|20.5625|2|126.265742
c|20.588071|1|78.087546
c|20.625|2|126.26351
c|20.650571|1|78.481967
c|20.6875|2|126.261278
c|20.713071|1|78.876387
c|20.75|2|126.259047
c|20.775571|1|79.270808
c|20.8125|2|126.256815
c|20.838071|1|79.665228
c|20.875|2|126.254583
c|20.900571|1|80.059649
c|20.9375|2|126.252351
c|20.963071|1|80.454069
c|21.0|2|126.250119
c|21.025571|1|80.848489
c|21.0625|2|126.247888
c|21.088071|1|81.24291
c|21.125|2|126.245656
c|21.150571|1|81.63733
c|21.1875|2|126.243424
c|21.213071|1|82.031751
c|21.25|2|126.241192
c|21.275571|1|82.426171
c|21.3125|2|126.23896
c|21.338071|1|82.820592
c|21.375|2|126.236729
c|21.400571|1|83.215012
c|21.4375|2|126.234497
c|21.463071|1|83.609433
c|21.5|2|126.232265
c|21.525571|1|84.003853
c|21.5625|2|126.230033
c|21.588071|1|84.398274
c|21.625|2|126.227802
c|21.650571|1|84.792694
c|21.6875|2|126.22557
c|21.713071|1|85.187115
c|21.75|2|126.223338
c|21.775571|1|85.581535
c|21.8125|2|126.221106
c|21.838071|1|85.975956
c|21.875|2|126.218874
c|21.900571|1|86.370376
c|21.9375|2|126.216643
c|21.963071|1|86.764797
n|22.0|1.75|37|100
n|22.0|1.75|44|100
n|22.0|1.75|40|100
c|22.0|2|126.214411
c|22.025571|1|87.159217
c|22.0625|2|126.212179
c|22.088071|1|87.553637
c|22.125|2|126.209947
c|22.150571|1|87.948058
c|22.1875|2|126.207715
c|22.213071|1|88.342478
c|22.25|2|126.205484
c|22.275571|1|88.736899
c|22.3125|2|126.203252
c|22.338071|1|89.131319
c|22.375|2|126.20102
c|22.400571|1|89.52574
c|22.4375|2|126.198788
c|22.463071|1|89.92016
c|22.5|2|126.196557
c|22.525571|1|90.314581
c|22.5625|2|126.194325
c|22.588071|1|90.709001
c|22.625|2|126.192093
c|22.650571|1|91.103422
c|22.6875|2|126.189861
c|22.713071|1|91.497842
c|22.75|2|126.187629
c|22.775571|1|91.892263
c|22.8125|2|126.185398
c|22.838071|1|92.286683
c|22.875|2|126.183166
c|22.900571|1|92.681104
c|22.9375|2|126.180934
c|22.963071|1|93.075524
c|23.0|2|126.178702
c|23.025571|1|93.469944
c|23.0625|2|126.17647
c|23.088071|1|93.864365
c|23.125|2|126.174239
c|23.150571|1|94.258785
c|23.1875|2|126.172007
c|23.213071|1|94.653206
c|23.25|2|126.169775
c|23.275571|1|95.047626
c|23.3125|2|126.167543
c|23.338071|1|95.442047
c|23.375|2|126.165311
c|23.400571|1|95.836467
c|23.4375|2|126.16308
c|23.463071|1|96.230888
c|23.5|2|126.160848
c|23.525571|1|96.625308
c|23.5625|2|126.158616
c|23.588071|1|97.019729
c|23.625|2|126.156384
c|23.650571|1|97.414149
c|23.6875|2|126.154153
c|23.713071|1|97.80857
c|23.75|2|126.151921
c|23.775571|1|98.20299
c|23.8125|2|126.149689
c|23.838071|1|98.597411
c|23.875|2|126.147457
c|23.900571|1|98.991831
c|23.9375|2|126.145225
c|23.963071|1|99.386252
n|24.0|1.75|37|100
n|24.0|1.75|33|100
n|24.0|1.75|42|100
c|24.0|2|126.142994
c|24.025571|1|99.780672
c|24.0625|2|126.140762
c|24.088071|1|100.175092
c|24.125|2|126.13853
c|24.150571|1|100.569513
c|24.1875|2|126.136298
c|24.213071|1|100.963933
c|24.25|2|126.134066
c|24.275571|1|101.358354
c|24.3125|2|126.131835
c|24.338071|1|101.752774
c|24.375|2|126.129603
c|24.400571|1|102.147195
c|24.4375|2|126.127371
c|24.463071|1|102.541615
c|24.5|2|126.125139
c|24.525571|1|102.936036
c|24.5625|2|126.122908
c|24.588071|1|103.330456
c|24.625|2|126.120676
c|24.650571|1|103.724877
c|24.6875|2|126.118444
c|24.713071|1|104.119297
c|24.75|2|126.116212
c|24.775571|1|104.513718
c|24.8125|2|126.11398
c|24.838071|1|104.908138
c|24.875|2|126.111749
c|24.900571|1|105.302559
c|24.9375|2|126.109517
c|24.963071|1|105.696979
c|25.0|2|126.107285
c|25.025571|1|106.091399
c|25.0625|2|126.105053
c|25.088071|1|106.48582
c|25.125|2|126.102821
c|25.150571|1|106.88024
c|25.1875|2|126.10059
c|25.213071|1|107.274661
c|25.25|2|126.098358
c|25.275571|1|107.669081
c|25.3125|2|126.096126
c|25.338071|1|108.063502
c|25.375|2|126.093894
c|25.400571|1|108.457922
c|25.4375|2|126.091663
c|25.463071|1|108.852343
c|25.5|2|126.089431
c|25.525571|1|109.246763
c|25.5625|2|126.087199
c|25.588071|1|109.641184
c|25.625|2|126.084967
c|25.650571|1|110.035604
c|25.6875|2|126.082735
c|25.713071|1|110.430025
c|25.75|2|126.080504
c|25.775571|1|110.824445
c|25.8125|2|126.078272
c|25.838071|1|111.218866
c|25.875|2|126.07604
c|25.900571|1|111.613286
c|25.9375|2|126.073808
c|25.963071|1|112.007706
n|26.0|1.75|37|100
n|26.0|1.75|33|100
n|26.0|1.75|42|100
c|26.0|2|126.071576
c|26.025571|1|112.402127
c|26.0625|2|126.069345
c|26.088071|1|112.796547
c|26.125|2|126.067113
c|26.150571|1|113.190968
c|26.1875|2|126.064881
c|26.213071|1|113.585388
c|26.25|2|126.062649
c|26.275571|1|113.979809
c|26.3125|2|126.060417
c|26.338071|1|114.374229
c|26.375|2|126.058186
c|26.400571|1|114.76865
c|26.4375|2|126.055954
c|26.463071|1|115.16307
c|26.5|2|126.053722
c|26.525571|1|115.557491
c|26.5625|2|126.05149
c|26.588071|1|115.951911
c|26.625|2|126.049259
c|26.650571|1|116.346332
c|26.6875|2|126.047027
c|26.713071|1|116.740752
c|26.75|2|126.044795
c|26.775571|1|117.135173
c|26.8125|2|126.042563
c|26.838071|1|117.529593
c|26.875|2|126.040331
c|26.900571|1|117.924014
c|26.9375|2|126.0381
c|26.963071|1|118.318434
c|27.0|2|126.035868
c|27.025571|1|118.712854
c|27.0625|2|126.033636
c|27.088071|1|119.107275
c|27.125|2|126.031404
c|27.150571|1|119.501695
c|27.1875|2|126.029172
c|27.213071|1|119.896116
c|27.25|2|126.026941
c|27.275571|1|120.290536
c|27.3125|2|126.024709
c|27.338071|1|120.684957
c|27.375|2|126.022477
c|27.400571|1|121.079377
c|27.4375|2|126.020245
c|27.463071|1|121.473798
c|27.5|2|126.018014
c|27.525571|1|121.868218
c|27.5625|2|126.015782
c|27.588071|1|122.262639
c|27.625|2|126.01355
c|27.650571|1|122.657059
c|27.6875|2|126.011318
c|27.713071|1|123.05148
c|27.75|2|126.009086
c|27.775571|1|123.4459
c|27.8125|2|126.006855
c|27.838071|1|123.840321
c|27.875|2|126.004623
c|27.900571|1|124.234741
c|27.9375|2|126.002391
c|27.963071|1|124.629161
n|28.0|3.75|35|100
n|28.0|3.75|32|100
n|28.0|3.75|40|100
c|28.004459|2|126.0
c|28.025571|1|125.023582
c|28.066959|2|123.960775
c|28.088071|1|125.418002
c|28.129459|2|121.921551
c|28.150571|1|125.812423
c|28.191959|2|119.882326
c|28.213071|1|126.206843
c|28.254459|2|117.843102
c|28.307693|1|126.803977
c|28.316959|2|115.803877
c|28.379459|2|113.764653
c|28.441959|2|111.725428
c|28.504459|2|109.686203
c|28.566959|2|107.646979
c|28.629459|2|105.607754
c|28.691959|2|103.56853
c|28.754459|2|101.529305
c|28.816959|2|99.49008
c|28.879459|2|97.450856
c|28.941959|2|95.411631
c|29.004459|2|93.372407
c|29.066959|2|91.333182
c|29.129459|2|89.293958
c|29.191959|2|87.254733
c|29.254459|2|85.215508
c|29.316959|2|83.176284
c|29.379459|2|81.137059
c|29.441959|2|79.097835
c|29.504459|2|77.05861
c|29.566959|2|75.019385
c|29.629459|2|72.980161
c|29.691959|2|70.940936
c|29.754459|2|68.901712
c|29.816959|2|66.862487
c|29.879459|2|64.823263
c|29.941959|2|62.784038
c|30.004459|2|60.744813
c|30.066959|2|58.705589
c|30.129459|2|56.666364
c|30.191959|2|54.62714
c|30.254459|2|52.587915
c|30.316959|2|50.54869
c|30.379459|2|48.509466
c|30.441959|2|46.470241
c|30.504459|2|44.431017
c|30.566959|2|42.391792
c|30.629459|2|40.352568
c|30.691959|2|38.313343
c|30.754459|2|36.274118
c|30.816959|2|34.234894
c|30.879459|2|32.195669
c|30.941959|2|30.156445
c|31.004459|2|28.11722
c|31.066959|2|26.077995
c|31.129459|2|24.038771
c|31.191959|2|21.999546
c|31.254459|2|19.960322
c|31.316959|2|17.921097
c|31.379459|2|15.881873
c|31.441959|2|13.842648
c|31.504459|2|11.803423
c|31.566959|2|9.764199
c|31.629459|2|7.724974
c|31.691959|2|5.68575
c|31.754459|2|3.646525
c|31.866221|2|0.0
\