U|39
M|393
n|0.0|0.25|63|100
n|0.0|0.25|44|100
n|0.0|0.25|51|100
n|0.0|0.25|47|100
n|0.0|0.25|32|100
c|0.0|1|127.0
c|0.0|2|0.0
n|0.5|0.5|32|100
n|0.5|0.5|63|100
n|0.5|0.5|44|100
n|0.5|0.5|51|100
n|0.5|0.5|47|100
n|1.25|0.5|44|100
n|1.25|0.5|40|100
n|1.25|0.5|47|100
n|1.25|0.5|28|100
n|1.25|0.5|59|100
n|2.0|0.5|35|100
n|2.0|0.5|54|100
n|2.0|0.5|39|100
n|2.0|0.5|23|100
n|2.0|0.5|42|100
n|2.75|0.5|35|100
n|2.75|0.5|23|100
n|2.75|0.5|42|100
n|2.75|0.5|39|100
n|2.75|0.5|54|100
n|3.5|0.5|35|100
n|3.5|0.5|23|100
n|3.5|0.5|39|100
n|3.5|0.5|42|100
n|3.5|0.5|54|100
n|4.25|0.5|42|100
n|4.25|0.5|54|100
n|4.25|0.5|39|100
n|4.25|0.5|23|100
n|4.25|0.5|35|100
n|5.0|0.5|35|100
n|5.0|0.5|42|100
n|5.0|0.5|39|100
n|5.0|0.5|23|100
n|5.0|0.5|54|100
n|5.75|0.5|23|100
n|5.75|0.5|54|100
n|5.75|0.5|39|100
n|5.75|0.5|42|100
n|5.75|0.5|35|100
n|6.5|0.5|40|100
n|6.5|0.5|25|100
n|6.5|0.5|56|100
n|6.5|0.5|44|100
n|6.5|0.5|37|100
n|7.25|0.5|20|100
n|7.25|0.5|51|100
n|7.25|0.5|32|100
n|7.25|0.5|35|100
n|7.25|0.5|39|100
n|8.0|0.25|30|100
n|8.0|0.25|33|100
n|8.0|0.25|49|100
n|8.0|0.25|18|100
n|8.0|0.25|37|100
n|8.5|0.5|33|100
n|8.5|0.5|18|100
n|8.5|0.5|49|100
n|8.5|0.5|37|100
n|8.5|0.5|30|100
n|9.25|0.5|20|100
n|9.25|0.5|51|100
n|9.25|0.5|32|100
n|9.25|0.5|35|100
n|9.25|0.5|39|100
n|10.0|0.5|25|100
n|10.0|0.5|37|100
n|10.0|0.5|40|100
n|10.0|0.5|56|100
n|10.0|0.5|44|100
n|10.75|0.5|40|100
n|10.75|0.5|44|100
n|10.75|0.5|56|100
n|10.75|0.5|37|100
n|10.75|0.5|25|100
n|11.5|0.5|44|100
n|11.5|0.5|37|100
n|11.5|0.5|40|100
n|11.5|0.5|56|100
n|11.5|0.5|25|100
n|12.25|0.5|56|100
n|12.25|0.5|44|100
n|12.25|0.5|25|100
n|12.25|0.5|40|100
n|12.25|0.5|37|100
n|13.0|0.5|37|100
n|13.0|0.5|25|100
n|13.0|0.5|44|100
n|13.0|0.5|56|100
n|13.0|0.5|40|100
n|13.75|0.5|40|100
n|13.75|0.5|37|100
n|13.75|0.5|44|100
n|13.75|0.5|56|100
n|13.75|0.5|25|100
n|14.5|0.5|59|100
n|14.5|0.5|40|100
n|14.5|0.5|47|100
n|14.5|0.5|28|100
n|14.5|0.5|44|100
n|15.25|0.5|45|100
n|15.25|0.5|61|100
n|15.25|0.5|49|100
n|15.25|0.5|30|100
n|15.25|0.5|42|100
n|16.0|0.25|63|100
n|16.0|0.25|51|100
n|16.0|0.25|32|100
n|16.0|0.25|47|100
n|16.0|0.25|44|100
n|16.5|0.5|63|100
n|16.5|0.5|51|100
n|16.5|0.5|47|100
n|16.5|0.5|32|100
n|16.5|0.5|44|100
n|17.25|0.5|44|100
n|17.25|0.5|47|100
n|17.25|0.5|28|100
n|17.25|0.5|59|100
n|17.25|0.5|40|100
n|17.25|0.5|32|100
n|18.0|0.5|54|100
n|18.0|0.5|35|100
n|18.0|0.5|42|100
n|18.0|0.5|23|100
n|18.0|0.5|39|100
n|18.75|0.5|54|100
n|18.75|0.5|39|100
n|18.75|0.5|23|100
n|18.75|0.5|35|100
n|18.75|0.5|42|100
n|19.5|0.5|42|100
n|19.5|0.5|35|100
n|19.5|0.5|39|100
n|19.5|0.5|23|100
n|19.5|0.5|54|100
n|20.25|0.5|54|100
n|20.25|0.5|23|100
n|20.25|0.5|39|100
n|20.25|0.5|35|100
n|20.25|0.5|42|100
n|21.0|0.5|23|100
n|21.0|0.5|35|100
n|21.0|0.5|39|100
n|21.0|0.5|54|100
n|21.0|0.5|42|100
n|21.75|0.5|23|100
n|21.75|0.5|42|100
n|21.75|0.5|35|100
n|21.75|0.5|54|100
n|21.75|0.5|39|100
n|22.5|0.5|56|100
n|22.5|0.5|37|100
n|22.5|0.5|40|100
n|22.5|0.5|44|100
n|22.5|0.5|25|100
n|23.25|0.5|51|100
n|23.25|0.5|35|100
n|23.25|0.5|39|100
n|23.25|0.5|32|100
n|23.25|0.5|20|100
n|24.0|0.25|30|100
n|24.0|0.25|33|100
n|24.0|0.25|18|100
n|24.0|0.25|37|100
n|24.0|0.25|49|100
n|24.5|0.5|30|100
n|24.5|0.5|37|100
n|24.5|0.5|33|100
n|24.5|0.5|18|100
n|24.5|0.5|49|100
n|25.25|0.5|20|100
n|25.25|0.5|35|100
n|25.25|0.5|39|100
n|25.25|0.5|32|100
n|25.25|0.5|51|100
c|25.560758|1|127.0
c|25.623258|1|126.661904
c|25.685758|1|126.323808
c|25.748258|1|125.985711
c|25.810758|1|125.647615
c|25.873258|1|125.309519
c|25.935758|1|124.971423
c|25.998258|1|124.633327
n|26.0|0.5|33|100
n|26.0|0.5|37|100
n|26.0|0.5|18|100
n|26.0|0.5|30|100
n|26.0|0.5|49|100
c|26.060758|1|124.295231
c|26.123258|1|123.957134
c|26.185758|1|123.619038
c|26.248258|1|123.280942
c|26.310758|1|122.942846
c|26.373258|1|122.60475
c|26.435758|1|122.266653
c|26.498258|1|121.928557
c|26.560758|1|121.590461
c|26.623258|1|121.252365
c|26.685758|1|120.914269
c|26.748258|1|120.576172
n|26.75|0.5|18|100
n|26.75|0.5|37|100
n|26.75|0.5|30|100
n|26.75|0.5|33|100
n|26.75|0.5|49|100
c|26.77369|2|0.0
c|26.810758|1|120.238076
c|26.83619|2|1.943214
c|26.873258|1|119.89998
c|26.89869|2|3.886429
c|26.935758|1|119.561884
c|26.96119|2|5.829643
c|26.998258|1|119.223788
c|27.02369|2|7.772857
c|27.060758|1|118.885692
c|27.08619|2|9.716072
c|27.123258|1|118.547595
c|27.14869|2|11.659286
c|27.185758|1|118.209499
c|27.21119|2|13.6025
c|27.248258|1|117.871403
c|27.27369|2|15.545715
c|27.310758|1|117.533307
c|27.33619|2|17.488929
c|27.373258|1|117.195211
c|27.39869|2|19.432143
c|27.435758|1|116.857114
c|27.46119|2|21.375358
c|27.498258|1|116.519018
n|27.5|0.5|37|100
n|27.5|0.5|33|100
n|27.5|0.5|30|100
n|27.5|0.5|18|100
n|27.5|0.5|49|100
c|27.52369|2|23.318572
c|27.560758|1|116.180922
c|27.58619|2|25.261786
c|27.594203|1|116.0
c|27.64869|2|27.205
c|27.656703|1|114.728671
c|27.71119|2|29.148215
c|27.719203|1|113.457342
c|27.77369|2|31.091429
c|27.781703|1|112.186012
c|27.83619|2|33.034643
c|27.844203|1|110.914683
c|27.89869|2|34.977858
c|27.906703|1|109.643354
c|27.96119|2|36.921072
c|27.969203|1|108.372025
c|28.02369|2|38.864286
c|28.031703|1|107.100696
c|28.08619|2|40.807501
c|28.094203|1|105.829367
c|28.14869|2|42.750715
c|28.156703|1|104.558037
c|28.21119|2|44.693929
c|28.219203|1|103.286708
n|28.25|0.5|35|100
n|28.25|0.5|16|100
n|28.25|0.5|28|100
n|28.25|0.5|32|100
n|28.25|0.5|47|100
c|28.27369|2|46.637144
c|28.281703|1|102.015379
c|28.33619|2|48.580358
c|28.344203|1|100.74405
c|28.39869|2|50.523572
c|28.406703|1|99.472721
c|28.46119|2|52.466787
c|28.469203|1|98.201391
c|28.52369|2|54.410001
c|28.531703|1|96.930062
c|28.58619|2|56.353215
c|28.594203|1|95.658733
c|28.64869|2|58.29643
c|28.656703|1|94.387404
c|28.71119|2|60.239644
c|28.719203|1|93.116075
c|28.77369|2|62.182858
c|28.781703|1|91.844746
c|28.83619|2|64.126073
c|28.844203|1|90.573416
c|28.89869|2|66.069287
c|28.906703|1|89.302087
c|28.96119|2|68.012501
c|28.969203|1|88.030758
n|29.0|0.5|37|100
n|29.0|0.5|30|100
n|29.0|0.5|33|100
n|29.0|0.5|18|100
n|29.0|0.5|49|100
c|29.02369|2|69.955716
c|29.031703|1|86.759429
c|29.08619|2|71.89893
c|29.094203|1|85.4881
c|29.14869|2|73.842144
c|29.156703|1|84.21677
c|29.21119|2|75.785358
c|29.219203|1|82.945441
c|29.27369|2|77.728573
c|29.281703|1|81.674112
c|29.33619|2|79.671787
c|29.344203|1|80.402783
c|29.39869|2|81.615001
c|29.406703|1|79.131454
c|29.46119|2|83.558216
c|29.469203|1|77.860125
c|29.52369|2|85.50143
c|29.531703|1|76.588795
c|29.58619|2|87.444644
c|29.594203|1|75.317466
c|29.60981|1|75.0
c|29.64869|2|89.387859
c|29.67231|1|73.180664
c|29.71119|2|91.331073
c|29.73481|1|71.361327
n|29.75|0.5|16|100
n|29.75|0.5|28|100
n|29.75|0.5|32|100
n|29.75|0.5|35|100
n|29.75|0.5|47|100
c|29.77369|2|93.274287
c|29.79731|1|69.541991
c|29.83619|2|95.217502
c|29.85981|1|67.722654
c|29.89869|2|97.160716
c|29.92231|1|65.903318
c|29.96119|2|99.10393
c|29.98481|1|64.083982
c|30.02369|2|101.047145
c|30.04731|1|62.264645
c|30.08619|2|102.990359
c|30.10981|1|60.445309
c|30.14869|2|104.933573
c|30.17231|1|58.625972
c|30.21119|2|106.876788
c|30.23481|1|56.806636
c|30.27369|2|108.820002
c|30.29731|1|54.9873
c|30.33619|2|110.763216
c|30.35981|1|53.167963
c|30.39869|2|112.706431
c|30.42231|1|51.348627
c|30.46119|2|114.649645
c|30.48481|1|49.529291
n|30.5|0.5|35|100
n|30.5|0.5|39|100
n|30.5|0.5|20|100
n|30.5|0.5|32|100
n|30.5|0.5|51|100
c|30.52369|2|116.592859
c|30.537346|1|48.0
c|30.58619|2|118.536074
c|30.599846|1|45.61999
c|30.64869|2|120.479288
c|30.662346|1|43.239979
c|30.71119|2|122.422502
c|30.724846|1|40.859969
c|30.77369|2|124.365716
c|30.787346|1|38.479958
c|30.849846|1|36.099948
c|30.858417|2|127.0
c|30.912346|1|33.719937
c|30.974846|1|31.339927
c|31.037346|1|28.959916
c|31.099846|1|26.579906
c|31.162346|1|24.199895
c|31.224846|1|21.819885
n|31.25|0.5|44|100
n|31.25|0.5|40|100
n|31.25|0.5|25|100
n|31.25|0.5|37|100
n|31.25|0.5|56|100
c|31.287346|1|19.439875
c|31.349846|1|17.059864
c|31.412346|1|14.679854
c|31.474846|1|12.299843
c|31.48272|1|12.0
c|31.54522|1|10.044334
c|31.60772|1|8.088667
c|31.67022|1|6.133001
c|31.73272|1|4.177335
c|31.79522|1|2.221668
c|31.866221|1|0.0
\