U|6
M|132
n|0.0|0.25|44|100
n|0.0|0.25|47|100
n|0.0|0.25|51|100
n|0.5|0.5|44|100
n|0.5|0.5|47|100
n|0.5|0.5|51|100
n|1.25|0.5|40|100
n|1.25|0.5|47|100
n|1.25|0.5|44|100
n|2.0|0.5|35|100
n|2.0|0.5|39|100
n|2.0|0.5|42|100
n|2.75|0.5|35|100
n|2.75|0.5|39|100
n|2.75|0.5|42|100
n|3.5|0.5|35|100
n|3.5|0.5|39|100
n|3.5|0.5|42|100
n|4.25|0.5|35|100
n|4.25|0.5|39|100
n|4.25|0.5|42|100
n|5.0|0.5|35|100
n|5.0|0.5|39|100
n|5.0|0.5|42|100
n|5.75|0.5|35|100
n|5.75|0.5|39|100
n|5.75|0.5|42|100
n|6.5|0.5|37|100
n|6.5|0.5|44|100
n|6.5|0.5|40|100
n|7.25|0.5|32|100
n|7.25|0.5|39|100
n|7.25|0.5|35|100
n|8.0|0.25|30|100
n|8.0|0.25|37|100
n|8.0|0.25|33|100
n|8.5|0.5|30|100
n|8.5|0.5|37|100
n|8.5|0.5|33|100
n|9.25|0.5|32|100
n|9.25|0.5|39|100
n|9.25|0.5|35|100
n|10.0|0.5|37|100
n|10.0|0.5|44|100
n|10.0|0.5|40|100
n|10.75|0.5|37|100
n|10.75|0.5|44|100
n|10.75|0.5|40|100
n|11.5|0.5|37|100
n|11.5|0.5|44|100
n|11.5|0.5|40|100
n|12.25|0.5|37|100
n|12.25|0.5|44|100
n|12.25|0.5|40|100
n|13.0|0.5|37|100
n|13.0|0.5|44|100
n|13.0|0.5|40|100
n|13.75|0.5|37|100
n|13.75|0.5|44|100
n|13.75|0.5|40|100
n|14.5|0.5|40|100
n|14.5|0.5|44|100
n|14.5|0.5|47|100
n|15.25|0.5|42|100
n|15.25|0.5|45|100
n|15.25|0.5|49|100
n|16.0|0.25|44|100
n|16.0|0.25|47|100
n|16.0|0.25|51|100
n|16.5|0.5|44|100
n|16.5|0.5|47|100
n|16.5|0.5|51|100
n|17.25|0.5|40|100
n|17.25|0.5|47|100
n|17.25|0.5|44|100
n|18.0|0.5|35|100
n|18.0|0.5|39|100
n|18.0|0.5|42|100
n|18.75|0.5|35|100
n|18.75|0.5|39|100
n|18.75|0.5|42|100
n|19.5|0.5|35|100
n|19.5|0.5|39|100
n|19.5|0.5|42|100
n|20.25|0.5|35|100
n|20.25|0.5|39|100
n|20.25|0.5|42|100
n|21.0|0.5|35|100
n|21.0|0.5|39|100
n|21.0|0.5|42|100
n|21.75|0.5|35|100
n|21.75|0.5|39|100
n|21.75|0.5|42|100
n|22.5|0.5|37|100
n|22.5|0.5|44|100
n|22.5|0.5|40|100
n|23.25|0.5|32|100
n|23.25|0.5|39|100
n|23.25|0.5|35|100
n|24.0|0.25|30|100
n|24.0|0.25|37|100
n|24.0|0.25|33|100
n|24.5|0.5|30|100
n|24.5|0.5|37|100
n|24.5|0.5|33|100
n|25.25|0.5|32|100
n|25.25|0.5|39|100
n|25.25|0.5|35|100
n|26.0|0.5|30|100
n|26.0|0.5|37|100
n|26.0|0.5|33|100
n|26.75|0.5|30|100
n|26.75|0.5|37|100
n|26.75|0.5|33|100
n|27.5|0.5|30|100
n|27.5|0.5|37|100
n|27.5|0.5|33|100
n|28.25|0.5|28|100
n|28.25|0.5|35|100
n|28.25|0.5|32|100
n|29.0|0.5|30|100
n|29.0|0.5|37|100
n|29.0|0.5|33|100
n|29.75|0.5|28|100
n|29.75|0.5|35|100
n|29.75|0.5|32|100
n|30.5|0.5|32|100
n|30.5|0.5|39|100
n|30.5|0.5|35|100
n|31.25|0.5|37|100
n|31.25|0.5|44|100
n|31.25|0.5|40|100
\