U|9
M|36
n|0.0|1.75|44|100
n|0.0|1.75|47|100
n|0.0|1.75|39|100
n|2.0|3.75|35|100
n|2.0|3.75|39|100
n|2.0|3.75|42|100
n|6.0|1.75|37|100
n|6.0|1.75|44|100
n|6.0|1.75|40|100
n|8.0|1.75|37|100
n|8.0|1.75|33|100
n|8.0|1.75|42|100
n|10.0|3.75|37|100
n|10.0|3.75|44|100
n|10.0|3.75|40|100
n|14.0|1.75|40|100
n|14.0|1.75|44|100
n|14.0|1.75|35|100
n|16.0|1.75|44|100
n|16.0|1.75|39|100
n|16.0|1.75|35|100
n|18.0|3.75|35|100
n|18.0|3.75|39|100
n|18.0|3.75|42|100
n|22.0|1.75|37|100
n|22.0|1.75|44|100
n|22.0|1.75|40|100
n|24.0|1.75|37|100
n|24.0|1.75|33|100
n|24.0|1.75|42|100
n|26.0|1.75|37|100
n|26.0|1.75|33|100
n|26.0|1.75|42|100
n|28.0|3.75|35|100
n|28.0|3.75|32|100
n|28.0|3.75|40|100
\