0|0.0|/empty.wav
1|0.0|/empty.wav
2|0.0|/empty.wav
3|0.0|/empty.wav
4|0.0|/empty.wav
5|0.0|/empty.wav
6|0.0|/empty.wav
7|0.0|/empty.wav
8|0.0|/empty.wav
9|0.0|/empty.wav
10|0.0|/empty.wav
11|0.0|/empty.wav
12|0.0|/empty.wav
13|0.0|/empty.wav
14|0.0|/empty.wav
15|0.0|/empty.wav
16|0.0|/empty.wav
17|0.0|/empty.wav
18|0.0|/empty.wav
19|0.0|/empty.wav
20|0.0|/empty.wav
f|1|118|25|64|1|49|82|64|12|64|64|64|0|64|64|64|0|64|64|64|0|64|64|64|0|64|64|64|0|64|64|64|0
f|2|75|127|56|14|122|32|64|1|64|64|64|0|64|64|64|0|64|64|64|0|64|64|64|0|64|64|64|0|64|64|64|0
f|3|119|17|64|1|47|80|64|12|64|64|64|0|64|64|64|0|64|64|64|0|64|64|64|0|64|64|64|0|64|64|64|0
f|4|120|10|64|1|64|64|64|0|64|64|64|0|64|64|64|0|64|64|64|0|64|64|64|0|64|64|64|0|64|64|64|0
f|5|117|16|64|1|64|64|64|0|64|64|64|0|64|64|64|0|64|64|64|0|64|64|64|0|64|64|64|0|64|64|64|0
f|7|74|127|51|14|113|12|64|1|64|0|64|12|64|0|64|12|64|64|64|0|64|64|64|0|64|64|64|0|64|64|64|0
f|15|64|67|64|12|117|64|64|1|64|64|64|0|64|64|64|0|64|64|64|0|64|64|64|0|64|64|64|0|64|64|64|0
f|17|31|64|64|4|64|67|64|12|64|64|64|0|64|64|64|0|64|64|64|0|64|64|64|0|64|64|64|0|64|64|64|0
\
