2|0
3|50
4|0
5|50
6|-14
7|17
8|0
9|0
10|-15
11|15
12|7
13|0
14|-30
15|-6
16|1
17|50
18|0
19|18
20|0
21|53
22|-30
23|34
24|0
25|20
26|-30
27|46
28|0
29|42
30|-30
31|70
32|0
33|55
34|0
35|49
36|1
37|100
38|111
39|1
40|70
41|40
42|6
43|30
44|84
45|19
46|10
47|30
48|110
49|36
50|4
51|30
52|56
53|33
54|127
55|21
56|0
57|0
58|0
59|0
60|0
61|0
62|0
63|0
64|0
65|-7
66|-4
67|8
68|0
69|0
70|0
71|0
72|0
73|0
74|0
75|0
76|0
77|4
78|4
79|-5
80|0
81|0
82|0
83|0
84|0
85|0
86|0
87|0
88|0
89|4
90|-4
91|3
92|60
93|0
94|0
95|0
96|0
97|-100
98|0
99|0
100|0
101|0
102|0
103|0
105|1
106|1
107|0
108|0
109|0
110|1
111|50
112|100
113|0
114|0
115|0
116|-6
117|1
118|50
119|0
120|0
121|0
122|0
123|0
124|0
125|0
126|0
127|0
128|10
129|50
130|0
131|50
132|0
133|0
134|0
135|0
136|0
137|0
138|0
139|0
140|0
141|0
142|0
143|0
144|0
145|0
146|0
147|0
148|0
149|0
150|0
151|0
152|0
153|0
154|0
155|0
156|0
157|10
158|92
159|59
160|46
161|1
162|50
163|0
164|0
165|0
166|0
167|-6
168|1
169|50
170|0
171|0
172|0
173|0
174|0
175|0
176|0
177|10
178|50
179|0
180|50
181|0
182|61
183|0
184|3
185|0
186|0
187|0
188|0
189|0
190|0
191|0
192|0
193|0
194|0
195|0
196|0
197|0
198|0
199|0
200|0
201|0
202|0
203|0
204|0
205|0
206|0
207|0
208|0
209|0
210|0
211|0
212|0
213|0
214|0
215|0
216|0
217|0
218|0
219|0
220|0
221|0
222|0
223|0
224|0
225|0
226|0
227|0
228|0
229|0
230|0
231|0
232|0
233|0
234|0
235|0
236|0
237|0
238|0
239|0
240|0
241|9
242|15
243|38
244|-30
245|43
246|1
247|0
248|10
249|0
250|50
251|100
252|50
253|0
254|0
255|0
256|0
257|-6
258|1
259|50
260|0
261|0
262|0
263|0
264|0
265|0
266|0
267|10
268|0
269|50
270|0
271|50
272|0
273|0
274|0
275|0
276|-6
277|1
278|50
279|0
280|0
281|0
282|0
283|0
284|0
285|0
286|10
287|0
288|50
289|0
290|50
291|0
292|0
293|0
294|0
295|0
296|0
297|0
298|0
299|0
300|0
301|0
302|0
303|0
304|0
305|0
306|0
307|0
308|0
309|0
310|0
311|0
312|0
313|0
314|0
315|0
316|0
317|0
318|0
319|0
320|0
321|0
322|0
323|0
324|0
325|0
326|0
327|0
328|0
329|0
330|0
331|0
332|0
333|0
334|0
335|0
336|0
337|0
338|0
339|0
340|0
341|0
342|0
343|0
344|1
345|0
346|0
347|0
348|0
349|0
350|0
351|0
352|0
353|0
354|0
355|0
356|0
357|0
358|0
359|0
360|0
361|0
362|0
363|0
364|0
365|0
366|0
367|0
368|0
369|0
370|120
371|0
372|1
373|0
\