U|15
M|0
a|4|1|0.0|1000.0|0|2.5|3|0.0|0|0.0|1.0|0.0|999.0|1|0.0|1.0|0|5|-18|-18|0|-1|0.0|-1|0.0|0|0|0
a|5|1|0.0|1000.0|0|0.5|3|0.0|0|0.0|1.0|0.0|999.0|1|0.0|1.0|0|5|-18|-18|0|-1|0.0|-1|0.0|0|0|0
a|6|2|0.0|1000.0|0|3.0|3|0.0|0|0.0|1.0|0.0|999.0|0|0.0|1.0|0|5|-18|-18|0|-1|0.0|-1|0.0|0|0|0
a|7|2|0.0|1000.0|0|0.0|3|0.0|0|0.0|1.0|0.0|999.0|0|0.0|1.0|0|5|-18|-18|0|-1|0.0|-1|0.0|0|0|0
a|8|2|0.0|1000.0|0|1.0|3|0.0|0|0.0|1.0|0.0|999.0|0|0.0|1.0|0|5|-18|-18|0|-1|0.0|-1|0.0|0|0|0
a|9|2|0.0|1000.0|0|2.0|3|0.0|0|0.0|1.0|0.0|999.0|0|0.0|1.0|0|5|-18|-18|0|-1|0.0|-1|0.0|0|0|0
a|11|3|0.0|1000.0|0|1.5|3|0.0|0|0.0|1.0|0.0|999.0|2|0.0|1.0|0|5|-18|-18|0|-1|0.0|-1|0.0|0|0|0
a|10|4|0.0|1000.0|0|3.5|3|0.0|0|0.0|1.0|0.0|999.0|3|0.0|1.0|0|5|-18|-18|0|-1|0.0|-1|0.0|0|0|0
a|12|5|0.0|1000.0|0|3.75|3|0.0|0|0.0|1.0|0.0|999.0|4|0.0|1.0|0|5|-18|-18|0|-1|0.0|-1|0.0|0|0|0
a|13|7|0.0|1000.0|0|3.0|3|0.0|0|0.0|1.0|0.0|999.0|5|0.0|1.0|0|5|-18|-18|0|-1|0.0|-1|0.0|0|0|0
a|14|7|0.0|1000.0|0|1.0|3|0.0|0|0.0|1.0|0.0|999.0|5|0.0|1.0|0|5|-18|-18|0|-1|0.0|-1|0.0|0|0|0
f|5|64|64|64|0|64|64|64|0|64|64|64|0|64|64|64|0|64|64|64|0|64|64|64|0|64|64|64|0|64|64|64|0
f|7|64|64|64|0|64|64|64|0|64|64|64|0|64|64|64|0|64|64|64|0|64|64|64|0|64|64|64|0|64|64|64|0
f|8|64|64|64|0|64|64|64|0|64|64|64|0|64|64|64|0|64|64|64|0|64|64|64|0|64|64|64|0|64|64|64|0
f|9|64|64|64|0|64|64|64|0|64|64|64|0|64|64|64|0|64|64|64|0|64|64|64|0|64|64|64|0|64|64|64|0
f|11|64|64|64|0|64|64|64|0|64|64|64|0|64|64|64|0|64|64|64|0|64|64|64|0|64|64|64|0|64|64|64|0
f|14|64|64|64|0|64|64|64|0|64|64|64|0|64|64|64|0|64|64|64|0|64|64|64|0|64|64|64|0|64|64|64|0
\