U|31
M|507
n|0.0|1.5|68|100
c|0.0|1|0.0
c|0.0|2|127.0
c|0.0625|1|0.229422
c|0.125|1|0.458845
c|0.1875|1|0.688267
c|0.25|1|0.91769
c|0.3125|1|1.147112
c|0.375|1|1.376535
c|0.4375|1|1.605957
c|0.5|1|1.835379
c|0.5625|1|2.064802
c|0.625|1|2.294224
c|0.6875|1|2.523647
c|0.75|1|2.753069
c|0.8125|1|2.982492
c|0.875|1|3.211914
c|0.9375|1|3.441337
c|1.0|1|3.670759
c|1.0625|1|3.900181
c|1.125|1|4.129604
c|1.1875|1|4.359026
c|1.25|1|4.588449
c|1.3125|1|4.817871
c|1.375|1|5.047294
c|1.4375|1|5.276716
n|1.5|0.5|66|100
c|1.5|1|5.506138
c|1.5625|1|5.735561
c|1.625|1|5.964983
c|1.6875|1|6.194406
c|1.75|1|6.423828
c|1.8125|1|6.653251
c|1.875|1|6.882673
c|1.9375|1|7.112095
n|2.0|1.5|63|100
c|2.0|1|7.341518
c|2.0625|1|7.57094
c|2.125|1|7.800363
c|2.1875|1|8.029785
c|2.25|1|8.259208
c|2.3125|1|8.48863
c|2.375|1|8.718053
c|2.4375|1|8.947475
c|2.5|1|9.176897
c|2.5625|1|9.40632
c|2.625|1|9.635742
c|2.6875|1|9.865165
c|2.75|1|10.094587
c|2.8125|1|10.32401
c|2.875|1|10.553432
c|2.9375|1|10.782854
c|3.0|1|11.012277
c|3.0625|1|11.241699
c|3.125|1|11.471122
c|3.1875|1|11.700544
c|3.25|1|11.929967
c|3.3125|1|12.159389
c|3.375|1|12.388811
c|3.4375|1|12.618234
n|3.5|1.5|63|100
c|3.5|1|12.847656
c|3.5625|1|13.077079
c|3.625|1|13.306501
c|3.6875|1|13.535924
c|3.75|1|13.765346
c|3.8125|1|13.994769
c|3.875|1|14.224191
c|3.9375|1|14.453613
c|4.0|1|14.683036
c|4.0625|1|14.912458
c|4.125|1|15.141881
c|4.1875|1|15.371303
c|4.25|1|15.600726
c|4.3125|1|15.830148
c|4.375|1|16.05957
c|4.4375|1|16.288993
c|4.5|1|16.518415
c|4.5625|1|16.747838
c|4.625|1|16.97726
c|4.6875|1|17.206683
c|4.75|1|17.436105
c|4.8125|1|17.665527
c|4.875|1|17.89495
c|4.9375|1|18.124372
n|5.0|0.5|66|100
c|5.0|1|18.353795
c|5.0625|1|18.583217
c|5.125|1|18.81264
c|5.1875|1|19.042062
c|5.25|1|19.271484
c|5.3125|1|19.500907
c|5.375|1|19.730329
c|5.4375|1|19.959752
n|5.5|0.5|63|100
c|5.5|1|20.189174
c|5.5625|1|20.418597
c|5.625|1|20.648019
c|5.6875|1|20.877442
c|5.75|1|21.106864
c|5.8125|1|21.336286
c|5.875|1|21.565709
c|5.993311|1|22.0
n|6.0|2.0|64|100
c|6.055811|1|22.084244
c|6.118311|1|22.168487
c|6.180811|1|22.252731
c|6.243311|1|22.336974
c|6.305811|1|22.421218
c|6.368311|1|22.505461
c|6.430811|1|22.589705
c|6.493311|1|22.673948
c|6.555811|1|22.758192
c|6.618311|1|22.842435
c|6.680811|1|22.926679
c|6.743311|1|23.010922
c|6.805811|1|23.095166
c|6.868311|1|23.179409
c|6.930811|1|23.263653
c|6.993311|1|23.347896
c|7.055811|1|23.43214
c|7.118311|1|23.516383
c|7.180811|1|23.600627
c|7.243311|1|23.68487
c|7.305811|1|23.769114
c|7.368311|1|23.853357
c|7.430811|1|23.937601
c|7.493311|1|24.021844
c|7.555811|1|24.106088
c|7.618311|1|24.190331
c|7.680811|1|24.274575
c|7.743311|1|24.358818
c|7.805811|1|24.443062
c|7.868311|1|24.527306
c|7.930811|1|24.611549
c|7.993311|1|24.695793
n|8.0|2.0|61|100
c|8.055811|1|24.780036
c|8.118311|1|24.86428
c|8.180811|1|24.948523
c|8.243311|1|25.032767
c|8.305811|1|25.11701
c|8.368311|1|25.201254
c|8.430811|1|25.285497
c|8.493311|1|25.369741
c|8.555811|1|25.453984
c|8.618311|1|25.538228
c|8.680811|1|25.622471
c|8.743311|1|25.706715
c|8.805811|1|25.790958
c|8.868311|1|25.875202
c|8.930811|1|25.959445
c|8.993311|1|26.043689
c|9.055811|1|26.127932
c|9.118311|1|26.212176
c|9.180811|1|26.296419
c|9.243311|1|26.380663
c|9.305811|1|26.464906
c|9.368311|1|26.54915
c|9.430811|1|26.633393
c|9.493311|1|26.717637
c|9.555811|1|26.80188
c|9.618311|1|26.886124
c|9.680811|1|26.970367
c|9.743311|1|27.054611
c|9.805811|1|27.138855
c|9.868311|1|27.223098
c|9.930811|1|27.307342
c|9.993311|1|27.391585
n|10.0|1.5|64|100
c|10.055811|1|27.475829
c|10.118311|1|27.560072
c|10.180811|1|27.644316
c|10.243311|1|27.728559
c|10.305811|1|27.812803
c|10.368311|1|27.897046
c|10.430811|1|27.98129
c|10.493311|1|28.065533
c|10.555811|1|28.149777
c|10.618311|1|28.23402
c|10.680811|1|28.318264
c|10.743311|1|28.402507
c|10.805811|1|28.486751
c|10.868311|1|28.570994
c|10.930811|1|28.655238
c|10.993311|1|28.739481
c|11.055811|1|28.823725
c|11.118311|1|28.907968
c|11.180811|1|28.992212
c|11.243311|1|29.076455
c|11.305811|1|29.160699
c|11.368311|1|29.244942
c|11.430811|1|29.329186
c|11.493311|1|29.413429
n|11.5|1.0|64|100
c|11.555811|1|29.497673
c|11.618311|1|29.581917
c|11.680811|1|29.66616
c|11.743311|1|29.750404
c|11.805811|1|29.834647
c|11.868311|1|29.918891
c|11.930811|1|30.003134
c|11.993311|1|30.087378
c|12.055811|1|30.171621
c|12.118311|1|30.255865
c|12.180811|1|30.340108
c|12.243311|1|30.424352
c|12.305811|1|30.508595
c|12.368311|1|30.592839
c|12.430811|1|30.677082
c|12.493311|1|30.761326
n|12.5|1.0|64|100
c|12.555811|1|30.845569
c|12.618311|1|30.929813
c|12.680811|1|31.014056
c|12.743311|1|31.0983
c|12.805811|1|31.182543
c|12.868311|1|31.266787
c|12.930811|1|31.35103
c|12.993311|1|31.435274
c|13.055811|1|31.519517
c|13.118311|1|31.603761
c|13.180811|1|31.688004
c|13.243311|1|31.772248
c|13.305811|1|31.856491
c|13.368311|1|31.940735
c|13.430811|1|32.024979
c|13.493311|1|32.109222
n|13.5|0.5|61|100
c|13.555811|1|32.193466
c|13.618311|1|32.277709
c|13.680811|1|32.361953
c|13.743311|1|32.446196
c|13.805811|1|32.53044
c|13.868311|1|32.614683
c|13.930811|1|32.698927
c|13.993311|1|32.78317
n|14.0|2.0|63|100
c|14.055811|1|32.867414
c|14.118311|1|32.951657
c|14.180811|1|33.035901
c|14.243311|1|33.120144
c|14.305811|1|33.204388
c|14.368311|1|33.288631
c|14.430811|1|33.372875
c|14.493311|1|33.457118
c|14.555811|1|33.541362
c|14.618311|1|33.625605
c|14.680811|1|33.709849
c|14.743311|1|33.794092
c|14.805811|1|33.878336
c|14.868311|1|33.962579
c|14.930811|1|34.046823
c|14.993311|1|34.131066
c|15.055811|1|34.21531
c|15.118311|1|34.299553
c|15.180811|1|34.383797
c|15.243311|1|34.468041
c|15.305811|1|34.552284
c|15.368311|1|34.636528
c|15.430811|1|34.720771
c|15.493311|1|34.805015
c|15.555811|1|34.889258
c|15.618311|1|34.973502
c|15.680811|1|35.057745
c|15.743311|1|35.141989
c|15.805811|1|35.226232
c|15.868311|1|35.310476
c|15.930811|1|35.394719
c|15.993311|1|35.478963
n|16.0|2.0|61|100
c|16.055811|1|35.563206
c|16.118311|1|35.64745
c|16.180811|1|35.731693
c|16.243311|1|35.815937
c|16.305811|1|35.90018
c|16.368311|1|35.984424
c|16.430811|1|36.068667
c|16.493311|1|36.152911
c|16.555811|1|36.237154
c|16.618311|1|36.321398
c|16.680811|1|36.405641
c|16.743311|1|36.489885
c|16.805811|1|36.574128
c|16.868311|1|36.658372
c|16.930811|1|36.742615
c|16.993311|1|36.826859
c|17.055811|1|36.911102
c|17.118311|1|36.995346
c|17.180811|1|37.07959
c|17.243311|1|37.163833
c|17.305811|1|37.248077
c|17.368311|1|37.33232
c|17.430811|1|37.416564
c|17.493311|1|37.500807
c|17.555811|1|37.585051
c|17.618311|1|37.669294
c|17.680811|1|37.753538
c|17.743311|1|37.837781
c|17.805811|1|37.922025
c|17.868311|1|38.006268
c|17.930811|1|38.090512
c|17.993311|1|38.174755
n|18.0|1.5|63|100
c|18.055811|1|38.258999
c|18.118311|1|38.343242
c|18.180811|1|38.427486
c|18.243311|1|38.511729
c|18.305811|1|38.595973
c|18.368311|1|38.680216
c|18.430811|1|38.76446
c|18.493311|1|38.848703
c|18.555811|1|38.932947
c|18.618311|1|39.01719
c|18.680811|1|39.101434
c|18.743311|1|39.185677
c|18.805811|1|39.269921
c|18.868311|1|39.354164
c|18.930811|1|39.438408
c|18.993311|1|39.522652
c|19.055811|1|39.606895
c|19.118311|1|39.691139
c|19.180811|1|39.775382
c|19.243311|1|39.859626
c|19.305811|1|39.943869
c|19.368311|1|40.028113
c|19.430811|1|40.112356
c|19.493311|1|40.1966
n|19.5|1.0|64|100
c|19.555811|1|40.280843
c|19.618311|1|40.365087
c|19.680811|1|40.44933
c|19.743311|1|40.533574
c|19.805811|1|40.617817
c|19.868311|1|40.702061
c|19.930811|1|40.786304
c|19.993311|1|40.870548
c|20.055811|1|40.954791
c|20.118311|1|41.039035
c|20.180811|1|41.123278
c|20.243311|1|41.207522
c|20.305811|1|41.291765
c|20.368311|1|41.376009
c|20.430811|1|41.460252
c|20.493311|1|41.544496
n|20.5|1.5|66|100
c|20.555811|1|41.628739
c|20.618311|1|41.712983
c|20.680811|1|41.797226
c|20.743311|1|41.88147
c|20.805811|1|41.965714
c|20.868311|1|42.049957
c|20.930811|1|42.134201
c|20.993311|1|42.218444
c|21.055811|1|42.302688
c|21.118311|1|42.386931
c|21.180811|1|42.471175
c|21.243311|1|42.555418
c|21.305811|1|42.639662
c|21.368311|1|42.723905
c|21.430811|1|42.808149
c|21.493311|1|42.892392
c|21.555811|1|42.976636
c|21.618311|1|43.060879
c|21.680811|1|43.145123
c|21.743311|1|43.229366
c|21.805811|1|43.31361
c|21.868311|1|43.397853
c|21.930811|1|43.482097
c|21.993311|1|43.56634
n|22.0|1.5|64|100
c|22.055811|1|43.650584
c|22.118311|1|43.734827
c|22.180811|1|43.819071
c|22.243311|1|43.903314
c|22.305811|1|43.987558
c|22.368311|1|44.071801
c|22.430811|1|44.156045
c|22.493311|1|44.240288
c|22.555811|1|44.324532
c|22.618311|1|44.408776
c|22.680811|1|44.493019
c|22.743311|1|44.577263
c|22.805811|1|44.661506
c|22.868311|1|44.74575
c|22.930811|1|44.829993
c|22.993311|1|44.914237
c|23.055811|1|44.99848
c|23.118311|1|45.082724
c|23.180811|1|45.166967
c|23.243311|1|45.251211
c|23.305811|1|45.335454
c|23.368311|1|45.419698
c|23.430811|1|45.503941
c|23.493311|1|45.588185
n|23.5|0.5|63|100
c|23.555811|1|45.672428
c|23.618311|1|45.756672
c|23.680811|1|45.840915
c|23.743311|1|45.925159
c|23.805811|1|46.009402
c|23.868311|1|46.093646
c|23.930811|1|46.177889
c|23.993311|1|46.262133
n|24.0|2.0|61|100
c|24.055811|1|46.346376
c|24.118311|1|46.43062
c|24.180811|1|46.514863
c|24.243311|1|46.599107
c|24.305811|1|46.68335
c|24.368311|1|46.767594
c|24.430811|1|46.851837
c|24.493311|1|46.936081
c|24.555811|1|47.020325
c|24.618311|1|47.104568
c|24.680811|1|47.188812
c|24.743311|1|47.273055
c|24.805811|1|47.357299
c|24.868311|1|47.441542
c|24.930811|1|47.525786
c|24.993311|1|47.610029
c|25.055811|1|47.694273
c|25.118311|1|47.778516
c|25.180811|1|47.86276
c|25.243311|1|47.947003
c|25.305811|1|48.031247
c|25.368311|1|48.11549
c|25.430811|1|48.199734
c|25.493311|1|48.283977
c|25.555811|1|48.368221
c|25.618311|1|48.452464
c|25.680811|1|48.536708
c|25.743311|1|48.620951
c|25.805811|1|48.705195
c|25.868311|1|48.789438
c|25.930811|1|48.873682
n|26.0|2.0|61|100
c|26.024526|1|49.0
c|26.087026|1|50.194156
c|26.149526|1|51.388312
c|26.212026|1|52.582469
c|26.274526|1|53.776625
c|26.337026|1|54.970781
c|26.399526|1|56.164937
c|26.462026|1|57.359094
c|26.524526|1|58.55325
c|26.587026|1|59.747406
c|26.649526|1|60.941562
c|26.712026|1|62.135718
c|26.774526|1|63.329875
c|26.837026|1|64.524031
c|26.899526|1|65.718187
c|26.962026|1|66.912343
c|27.024526|1|68.1065
c|27.087026|1|69.300656
c|27.149526|1|70.494812
c|27.212026|1|71.688968
c|27.274526|1|72.883125
c|27.337026|1|74.077281
c|27.399526|1|75.271437
c|27.462026|1|76.465593
c|27.524526|1|77.659749
c|27.587026|1|78.853906
c|27.649526|1|80.048062
c|27.712026|1|81.242218
c|27.774526|1|82.436374
c|27.837026|1|83.630531
c|27.899526|1|84.824687
c|27.962026|1|86.018843
n|28.0|1.0|61|100
c|28.024526|1|87.212999
c|28.087026|1|88.407155
c|28.149526|1|89.601312
c|28.212026|1|90.795468
c|28.274526|1|91.989624
c|28.337026|1|93.18378
c|28.399526|1|94.377937
c|28.462026|1|95.572093
c|28.524526|1|96.766249
c|28.587026|1|97.960405
c|28.649526|1|99.154562
c|28.712026|1|100.348718
c|28.774526|1|101.542874
c|28.837026|1|102.73703
c|28.899526|1|103.931186
c|28.931995|2|127.0
c|28.962026|1|105.125343
n|29.0|1.0|63|100
c|29.024526|1|106.319499
c|29.087026|1|107.513655
c|29.149526|1|108.707811
c|29.212026|1|109.901968
c|29.274526|1|111.096124
c|29.337026|1|112.29028
c|29.399526|1|113.484436
c|29.462026|1|114.678592
c|29.524526|1|115.872749
c|29.587026|1|117.066905
c|29.649526|1|118.261061
c|29.712026|1|119.455217
c|29.774526|1|120.649374
c|29.837026|1|121.84353
c|29.899526|1|123.037686
n|30.0|1.0|61|100
c|30.00223|1|125.0
n|31.0|1.0|59|100
c|31.866221|2|0.0
\