N|default
M|2
E|2|0|128.0|4|4
E|1|364|0
C|1|1
1|32.0|32.0|39|0.0
C|2|2
2|128.0|32.0|6|0.0
2|160.0|32.0|37|0.0
C|3|2
3|0.0|32.0|32|0.0
3|192.0|32.0|34|0.0
C|4|2
4|288.0|32.0|23|0.0
4|320.0|32.0|23|0.0
C|5|2
5|224.0|32.0|24|0.0
5|256.0|32.0|24|0.0
C|6|4
6|188.0|4.0|38|0.0
6|192.0|32.0|31|0.0
6|224.0|32.0|30|0.0
6|256.0|32.0|30|0.0
C|7|2
7|288.0|32.0|30|0.0
7|320.0|32.0|30|0.0
C|8|64
8|48.0|4.0|40|0.0
8|52.0|4.0|40|0.0
8|56.0|4.0|40|0.0
8|60.0|4.0|40|0.0
8|64.0|4.0|40|0.0
8|68.0|4.0|40|0.0
8|72.0|4.0|40|0.0
8|76.0|4.0|40|0.0
8|80.0|4.0|40|0.0
8|84.0|4.0|40|0.0
8|88.0|4.0|40|0.0
8|92.0|4.0|40|0.0
8|96.0|4.0|40|0.0
8|100.0|4.0|40|0.0
8|104.0|4.0|40|0.0
8|108.0|4.0|40|0.0
8|112.0|4.0|40|0.0
8|116.0|4.0|40|0.0
8|120.0|4.0|40|0.0
8|124.0|4.0|40|0.0
8|144.0|4.0|40|0.0
8|148.0|4.0|40|0.0
8|152.0|4.0|40|0.0
8|156.0|4.0|40|0.0
8|160.0|4.0|40|0.0
8|164.0|4.0|40|0.0
8|168.0|4.0|40|0.0
8|172.0|4.0|40|0.0
8|176.0|4.0|40|0.0
8|180.0|4.0|40|0.0
8|184.0|4.0|40|0.0
8|188.0|4.0|40|0.0
8|224.0|4.0|40|0.0
8|228.0|4.0|40|0.0
8|232.0|4.0|40|0.0
8|236.0|4.0|40|0.0
8|240.0|4.0|40|0.0
8|244.0|4.0|40|0.0
8|248.0|4.0|40|0.0
8|252.0|4.0|40|0.0
8|256.0|4.0|40|0.0
8|260.0|4.0|40|0.0
8|264.0|4.0|40|0.0
8|268.0|4.0|40|0.0
8|272.0|4.0|40|0.0
8|276.0|4.0|40|0.0
8|280.0|4.0|40|0.0
8|284.0|4.0|40|0.0
8|288.0|4.0|40|0.0
8|292.0|4.0|40|0.0
8|296.0|4.0|40|0.0
8|300.0|4.0|40|0.0
8|304.0|4.0|40|0.0
8|308.0|4.0|40|0.0
8|312.0|4.0|40|0.0
8|316.0|4.0|40|0.0
8|320.0|4.0|40|0.0
8|324.0|4.0|40|0.0
8|328.0|4.0|40|0.0
8|332.0|4.0|40|0.0
8|336.0|4.0|40|0.0
8|340.0|4.0|40|0.0
8|344.0|4.0|40|0.0
8|348.0|4.0|40|0.0
C|9|66
9|64.0|4.0|28|0.0
9|68.0|4.0|28|0.0
9|72.0|4.0|28|0.0
9|76.0|4.0|28|0.0
9|80.0|4.0|28|0.0
9|84.0|4.0|28|0.0
9|88.0|4.0|28|0.0
9|92.0|4.0|28|0.0
9|96.0|4.0|28|0.0
9|100.0|4.0|28|0.0
9|104.0|4.0|28|0.0
9|108.0|4.0|28|0.0
9|112.0|4.0|28|0.0
9|116.0|4.0|28|0.0
9|120.0|4.0|28|0.0
9|124.0|4.0|28|0.0
9|128.0|4.0|28|0.0
9|132.0|4.0|28|0.0
9|136.0|4.0|28|0.0
9|140.0|4.0|28|0.0
9|144.0|4.0|28|0.0
9|148.0|4.0|28|0.0
9|152.0|4.0|28|0.0
9|156.0|4.0|28|0.0
9|160.0|4.0|28|0.0
9|164.0|4.0|28|0.0
9|168.0|4.0|28|0.0
9|172.0|4.0|28|0.0
9|176.0|4.0|28|0.0
9|180.0|4.0|28|0.0
9|184.0|4.0|28|0.0
9|188.0|4.0|28|0.0
9|192.0|1.0|28|0.0
9|224.0|4.0|28|0.0
9|228.0|4.0|28|0.0
9|232.0|4.0|28|0.0
9|236.0|4.0|28|0.0
9|240.0|4.0|28|0.0
9|244.0|4.0|28|0.0
9|248.0|4.0|28|0.0
9|252.0|4.0|28|0.0
9|256.0|4.0|28|0.0
9|260.0|4.0|28|0.0
9|264.0|4.0|28|0.0
9|268.0|4.0|28|0.0
9|272.0|4.0|28|0.0
9|276.0|4.0|28|0.0
9|280.0|4.0|28|0.0
9|284.0|4.0|28|0.0
9|288.0|4.0|28|0.0
9|292.0|4.0|28|0.0
9|296.0|4.0|28|0.0
9|300.0|4.0|28|0.0
9|304.0|4.0|28|0.0
9|308.0|4.0|28|0.0
9|312.0|4.0|28|0.0
9|316.0|4.0|28|0.0
9|320.0|4.0|28|0.0
9|324.0|4.0|28|0.0
9|328.0|4.0|28|0.0
9|332.0|4.0|28|0.0
9|336.0|4.0|28|0.0
9|340.0|4.0|28|0.0
9|344.0|4.0|28|0.0
9|348.0|4.0|28|0.0
9|352.0|1.0|28|0.0
C|10|66
10|64.0|4.0|3|0.0
10|68.0|4.0|3|0.0
10|72.0|4.0|3|0.0
10|76.0|4.0|3|0.0
10|80.0|4.0|3|0.0
10|84.0|4.0|3|0.0
10|88.0|4.0|3|0.0
10|92.0|4.0|3|0.0
10|96.0|4.0|3|0.0
10|100.0|4.0|3|0.0
10|104.0|4.0|3|0.0
10|108.0|4.0|3|0.0
10|112.0|4.0|3|0.0
10|116.0|4.0|3|0.0
10|120.0|4.0|3|0.0
10|124.0|4.0|3|0.0
10|128.0|4.0|3|0.0
10|132.0|4.0|3|0.0
10|136.0|4.0|3|0.0
10|140.0|4.0|3|0.0
10|144.0|4.0|3|0.0
10|148.0|4.0|3|0.0
10|152.0|4.0|3|0.0
10|156.0|4.0|3|0.0
10|160.0|4.0|3|0.0
10|164.0|4.0|3|0.0
10|168.0|4.0|3|0.0
10|172.0|4.0|3|0.0
10|176.0|4.0|3|0.0
10|180.0|4.0|3|0.0
10|184.0|4.0|3|0.0
10|188.0|4.0|3|0.0
10|192.0|1.0|3|0.0
10|224.0|4.0|3|0.0
10|228.0|4.0|3|0.0
10|232.0|4.0|3|0.0
10|236.0|4.0|3|0.0
10|240.0|4.0|3|0.0
10|244.0|4.0|3|0.0
10|248.0|4.0|3|0.0
10|252.0|4.0|3|0.0
10|256.0|4.0|3|0.0
10|260.0|4.0|3|0.0
10|264.0|4.0|3|0.0
10|268.0|4.0|3|0.0
10|272.0|4.0|3|0.0
10|276.0|4.0|3|0.0
10|280.0|4.0|3|0.0
10|284.0|4.0|3|0.0
10|288.0|4.0|3|0.0
10|292.0|4.0|3|0.0
10|296.0|4.0|3|0.0
10|300.0|4.0|3|0.0
10|304.0|4.0|3|0.0
10|308.0|4.0|3|0.0
10|312.0|4.0|3|0.0
10|316.0|4.0|3|0.0
10|320.0|4.0|3|0.0
10|324.0|4.0|3|0.0
10|328.0|4.0|3|0.0
10|332.0|4.0|3|0.0
10|336.0|4.0|3|0.0
10|340.0|4.0|3|0.0
10|344.0|4.0|3|0.0
10|348.0|4.0|3|0.0
10|352.0|1.0|3|0.0
C|12|8
12|28.0|4.0|44|0.0
12|60.0|4.0|44|0.0
12|92.0|4.0|44|0.0
12|124.0|4.0|44|0.0
12|188.0|4.0|44|0.0
12|220.0|4.0|44|0.0
12|284.0|4.0|44|0.0
12|348.0|4.0|44|0.0
C|13|3
13|64.0|4.0|43|0.0
13|128.0|4.0|43|0.0
13|224.0|4.0|43|0.0
C|14|5
14|32.0|4.0|43|0.0
14|96.0|4.0|43|0.0
14|192.0|4.0|43|0.0
14|288.0|4.0|43|0.0
14|352.0|4.0|43|0.0
C|15|44
15|64.0|4.0|41|0.0
15|68.0|4.0|41|0.0
15|72.0|4.0|41|0.0
15|76.0|4.0|41|0.0
15|80.0|4.0|41|0.0
15|84.0|4.0|41|0.0
15|88.0|4.0|41|0.0
15|92.0|4.0|41|0.0
15|96.0|8.0|42|0.0
15|104.0|8.0|42|0.0
15|112.0|8.0|42|0.0
15|120.0|8.0|42|0.0
15|160.0|4.0|41|0.0
15|164.0|4.0|41|0.0
15|168.0|4.0|41|0.0
15|172.0|4.0|41|0.0
15|176.0|4.0|41|0.0
15|180.0|4.0|41|0.0
15|184.0|4.0|41|0.0
15|188.0|4.0|41|0.0
15|224.0|4.0|41|0.0
15|228.0|4.0|41|0.0
15|232.0|4.0|41|0.0
15|236.0|4.0|41|0.0
15|240.0|4.0|41|0.0
15|244.0|4.0|41|0.0
15|248.0|4.0|41|0.0
15|252.0|4.0|41|0.0
15|256.0|8.0|42|0.0
15|264.0|8.0|42|0.0
15|272.0|8.0|42|0.0
15|280.0|8.0|42|0.0
15|288.0|4.0|41|0.0
15|292.0|4.0|41|0.0
15|296.0|4.0|41|0.0
15|300.0|4.0|41|0.0
15|304.0|4.0|41|0.0
15|308.0|4.0|41|0.0
15|312.0|4.0|41|0.0
15|316.0|4.0|41|0.0
15|320.0|8.0|42|0.0
15|328.0|8.0|42|0.0
15|336.0|8.0|42|0.0
15|344.0|8.0|42|0.0
C|16|4
16|64.0|32.0|5|0.0
16|96.0|32.0|5|0.0
16|128.0|32.0|5|0.0
16|160.0|32.0|5|0.0
C|17|4
17|224.0|32.0|22|0.0
17|256.0|32.0|22|0.0
17|288.0|32.0|22|0.0
17|320.0|32.0|22|0.0
C|18|8
18|64.0|32.0|5|0.0
18|96.0|32.0|5|0.0
18|128.0|32.0|5|0.0
18|160.0|32.0|5|0.0
18|224.0|32.0|26|0.0
18|256.0|32.0|26|0.0
18|288.0|32.0|26|0.0
18|320.0|32.0|26|0.0
\